num_layers:5
parameter:0
dims:['6', '24']
name:coefficient
values:[-0.3321926919219628, 0.5109055929039286, 0.5415584140772451, -0.8287994399136772, 0.3372799116360751, -0.6807211374224987, 0.08950352637366848, -0.5629349437285844, -0.535396829211701, 0.02604387779095548, -0.7344388224070539, -0.6688314851452601, 0.6412863244643029, 0.40662899745002046, -1.522776936690945, -0.04667091983023685, 0.2673643359220182, -0.2601241955994687, -0.4848586007663028, 0.022760298246835207, 1.0979141764776623, 0.7384061390659862, 0.5287348693502052, 0.5393396474128338, -0.40044180160171106, 0.5511098717592082, 0.3892630098912621, -0.5997635599321998, -0.11812801443084114, -0.40673004738107055, -0.22479906345666886, -0.23177457017151545, -0.6461643340512078, 0.05956167995951469, -0.7007986173326665, -0.1823258895349152, 0.5649987118287308, 0.5893320990581838, -1.2023278713574856, 0.17722571739982318, 0.1818591337768371, -0.2753095343815822, -0.6446627856069763, 0.2013239905901814, 0.5048364017857447, 0.5403039023274816, 0.8428718390768235, 0.338373295350162, -0.12113086389532973, 0.49238144280533963, 0.5639042783304574, 0.09976848846189425, -0.2701009471528951, 0.8627198603071943, -0.5970085583193088, -0.10623465261663835, -0.24428954386926952, -0.07632886393613406, 0.8683165229994864, -0.27549423311465665, 0.4859153017849808, 0.2334700752666244, -0.26622538890963376, -0.04418801184145545, -0.3674719150684125, -0.8985828158104066, 0.8890921378702917, 0.3572786180418904, -0.0501112995614182, -0.04815347630741455, 0.026521051499354527, 0.38714032675363863, 0.02920676265579897, 0.7451068583519626, 0.3538930111923062, 0.04312763296957965, -0.407004814366784, 0.7883061960090068, -0.2632371189917991, -0.0012897946225351664, -0.36035285536087286, 0.36515243590358926, 0.8103429406147734, -0.6441932047816308, 0.5374467096408403, -0.14629001268658864, -0.6004761693598469, 0.23488834557636928, 0.16551627086041082, -0.6642862340204228, 0.7252433551205701, -0.3316110948677235, -0.6790023791036721, -0.038444576285680945, 0.18218383218706424, 0.5684021667082032, -0.6551678715220287, 0.029653897692108428, 0.5555251620018855, -0.11239872438094912, 0.7496078884299743, -0.1873781226423189, 0.3095516655263036, -0.6968064772178926, 0.8484695201546565, 0.812687887243619, -0.2467614116612343, 0.07205241916834697, 3.768657344068172e-06, 0.5603164260766603, -0.06397951897409955, 0.7919293202864629, 0.8139498419585314, -0.07226190365025072, -0.20499630449300218, 0.8040402107848713, 0.3616388664519581, -0.13096669078808243, -0.2878912342437392, -0.06976472717387157, 0.39430152244876826, 0.4685924595932437, 0.23696684278326488, -0.522652645377314, -0.26641049543847745, 0.6717139831805531, -0.8563609423568217, 0.4246172659795402, -0.7981679017623446, 0.38936315098246393, 0.38059699926524615, -0.4824292611198038, 0.4718635800711411, 0.38195364405943005, -0.36249201035074696, 0.3972977112167697, 0.3777744810210431, 0.487285505428066, 0.715141409555901, 0.06728618859397026, 0.3957645365681106, 0.6204380229981497, 0.5534516009693768, 0.518169992311887]
parameter:0
dims:['1', '24']
name:intercepts
values:[-0.6081352547247281, 0.7975678312236402, 0.14778398379445057, -0.22099983517134333, 0.2119931664933249, 0.15011065415960861, -0.21962683580930056, -0.4241513990125416, 0.08292086818668558, 0.07299637714633679, -0.3106801977816009, -0.49106637148308635, 0.881987318160075, -0.054129067433022135, -0.4549315682175936, 0.13814488567045785, -0.24280571878912746, -0.7413367703308623, 0.1475716393554193, 0.6014395218464202, -0.13022957172880198, 0.3745022585290028, 0.4641423610570299, 0.5710795404012742]
parameter:1
dims:['24', '48']
name:coefficient
values:[0.5477541617831443, -0.42276799231439893, -0.3510151009455147, 0.6501847412776651, -0.4070070345416121, -0.12306131939218835, 0.3194378326122668, 0.17880527116010458, 0.4329650544077968, 0.16057531882639545, 0.5587042429846382, -0.22715230040894613, 0.5335353402082528, 0.5184028163687036, -0.025433174447717522, -0.42451906469022965, 0.16207332336580202, -0.2545568285238282, -0.5305411148701026, -0.04551013885958394, -0.2016678361118032, -0.31116424228320644, -0.47499561434186943, -0.31647809616736217, -0.41430518039670855, 0.3198629122640695, -0.37299034111877355, -0.512057235435777, -0.19758017190757685, 0.18628407290352064, 0.5467234761274843, 0.3569516199643774, 0.16857848511667609, 0.0724894823847599, -0.29493364938740685, -0.2721419239017526, 0.14583092666384542, 0.2925269963644935, 0.4551601241432261, 0.12046928163995256, 0.15518951578507778, -0.46040097959384013, -0.1897882893940713, 0.5583700184430795, 0.19411238842482806, 0.25124078050003734, -0.4097472090328866, -0.26134117329143, -0.18977746028322842, 0.26173628593581083, -0.1514967251112006, -0.3434532066677972, 0.4316944279740576, -0.01583831565152273, -0.3346952688145657, 0.020786552736689227, -0.4395924242847014, 0.19393460279584387, -0.405926467280472, -0.1224642836610773, -0.21731277695345116, -0.34237967372118144, -0.06024676321223674, 0.20289346999874178, 0.07776032730586403, 0.079769924070936, 0.2646661906655371, -0.04709300050179799, 0.06288317738340009, -0.055284813418859505, -0.009098096057869558, 0.1397227530914642, 0.16145279366560727, -0.19753222671488396, 0.23086195395767367, 0.13803034930758054, -0.12621738768208496, -0.2469136935987676, -0.23706042673958824, -0.029214877988664983, -0.18300636769789885, 0.00568363984771467, 0.08723044491693555, 0.16712595035922273, -0.23442798292576614, 0.0558371475145434, -0.23555241186313539, 0.05204997702108906, -0.0638089953162153, 0.28793849848645703, 0.013322669890047434, -0.17608990628413804, -0.13432415735449832, -0.07219703214693186, 0.3882316368376822, 0.18941073706110573, 0.4465480241004661, -0.34937980849481803, 0.32546179705549116, 0.4410388061067968, -0.4048269012307129, 0.09790891866341461, 0.4359993709026408, 0.48237450336960463, 0.3490279473828848, -0.5328500838821799, 0.4938960853148092, 0.18584716639201865, 0.1485916039883177, 0.41967232606454924, -0.04839628858920142, -0.36390191285248213, -0.14973742692290917, -0.03413726447477175, -0.3338671502618504, 0.28801936503511383, -0.05081421458400237, 0.20519426924337628, 0.15946789651159132, -0.31400819687566345, -0.10448813756527543, 0.4091901311763969, -0.441628324244276, -0.13043386265155463, 0.1322723876436355, 0.2749709582814568, 0.4271275731736764, 0.3728942361342567, 0.29002184730469716, 0.08747335818051918, -0.41119373006948623, -0.07308282124037094, 0.28131578699369664, -0.2896301415516217, 0.3730007188508639, -0.27222149442145394, 0.19342934404394407, -0.3749991193481185, -0.18024755284786498, 0.31703261718834536, 0.537361588564633, 0.23390173083838717, -0.5188666680498384, -0.2924058913433751, 0.484560090350351, -0.4515874105412751, 0.7503702865449784, 0.3005981537884413, -0.4587343579193558, 0.07222813469857164, 0.1803652770654196, 0.17172331859192075, 0.35174552611790455, -0.25819926991940406, 0.36672540884407273, 0.05318768334211688, 0.26394671714652, 0.3020171241623793, 0.02000077372161739, -0.5614759218980265, -0.23537653076863005, -0.38482783654990654, -0.6542681933503974, 0.19687957987365967, -0.15335183139693806, 0.5262377924887078, -0.05749899473608815, -0.19077376402487753, -0.44070903934523825, 0.17593927270531018, -0.5324686632893317, -0.30163385139318777, 0.37289036687051375, 0.012889110472694577, 0.45316028970665606, 0.25558092520170234, 0.19692929030190012, -0.28250265982452644, -0.4384022345001892, -0.24140111579932158, 0.17381413193129475, -0.09083953593381551, 0.22862952313693158, -0.16141750826717435, 0.10522168802360657, -0.44673186784543856, -0.14997172429431954, 0.3715070273845948, 0.25728876329226263, 0.046966593396084756, -0.35695226502457233, -0.2407025065057678, -0.3245546905407739, 0.14862369084661173, 0.19097270414253825, -0.5296090922940275, 0.810252036651705, 0.1838857277478016, -0.49208907772137805, -0.3361496652502005, -0.5252050600411599, -0.41601424952114063, -0.5251750498065724, 0.20214901910519129, -0.786320279017334, -0.4937217912794157, 0.014602173672400413, 0.45013749037555467, -0.08341062717345649, 0.3237234558732276, 0.35510670294042385, 0.0870429783812803, 0.2314815003032401, 0.011996590441329481, 0.3519786275728066, 0.2806845543083753, 0.2985059424425309, -0.6819067249292063, 0.5259869588430932, 0.4298189606979277, 0.11654999194156539, -0.20354316042586496, -0.4060451997427597, -0.12123090508791987, -0.15963469353494728, 0.16248327101898402, 0.08608210995403505, 0.22982124114030614, -0.20627302786734894, -0.15961691859525473, -0.3568778161050542, -0.24016858559574408, -0.15094685564842775, 0.18527703628117434, 0.03736808864256893, -0.30431954098068886, -0.3027991533196829, -0.3572610309930164, 0.510546229506863, 0.31874967877923793, -0.3923465294915724, 0.31394289210308257, -0.19223989447573067, -0.2411032965049066, 0.20770093299355147, 0.06531988337923826, -0.26738578809339597, -0.29981025032458686, -0.2556335823714401, 0.08957380007659187, -0.2397431027213567, 0.03595331870902895, -0.3073470025119691, -0.3024969848132578, -0.2655732435021416, 0.329108740913756, -0.47588087159503667, 0.06595065642991135, 0.2114270558227161, -0.32130304835637485, 0.045967865660247784, -0.10382803936460987, -1.2958009067171565, 0.16461863527878107, 0.092805018775851, -0.3040480313994695, 0.3243344933246471, 0.19064696535960557, -0.05837567317560216, -0.19156767846340012, -0.400938574450127, -0.34180984446285806, -0.28479941087616384, -0.7398888463614277, 0.15374274605383084, 0.1115787525993762, -0.21741200292357066, -0.05643542176003937, -0.36551425330515214, -0.08226281381534886, -0.017693303251344904, 0.1647795263693004, -0.03835675959289313, -0.2618739665454268, -0.23126030097860248, -0.1730761598706984, 0.39602800464901006, 0.2845278807248258, 0.8440129638417522, -0.3832218138699001, -0.33178064998957285, 0.5926356917865032, -0.40265072103332167, -0.3222490189794836, 0.5423928851804132, 0.5006761907921141, 0.5120290099422725, 0.17483918067457013, 0.7007821675935467, -0.41557408122158646, 0.5423473205781012, 0.6763912363931049, 0.05777162227731148, -0.7512823830654005, 0.43443764122878153, -0.21836240215342714, -0.6563980275217217, 0.40408010187005067, -0.2230548120505828, 0.02812272401646002, 1.1662396658739012, -0.3576067796142516, -0.4237748421916357, 0.5155482728681023, -0.42005871293899233, -0.4352655850293497, -0.3618836963128268, 0.15749297030199044, 0.7502150886698589, 0.473522229609304, 0.38598624317124597, 0.8310633854193094, -0.5290050611075386, -0.4854546554231116, 0.35282985635373953, 0.3460785400325041, 0.5260905540381307, 0.2693089349779958, 0.33968513019154895, -0.4338031253577831, -0.27362137619314963, 0.7311744947125087, 0.41166208724468223, 0.33983012841936877, -0.6408538032202548, -0.2672571780207611, 0.35670612348680897, -0.3606967508772579, -0.3487939777414771, 0.4351492520006097, -0.4373436181533992, -0.23167375554087186, 0.3968672050515205, 0.28004777575239925, 0.43122244881131006, 0.1888167503131325, 0.32090167774588796, -0.27699317219469805, 0.3407005094734419, 0.32368359655888773, 0.011427249884197372, -0.34008653097402, 0.15168916167266025, -0.27190282996742465, -0.35509771330034107, -0.11959900527822832, -0.13808620920999165, -0.2696556052107513, -0.49678574689128435, -0.17040345714295213, -0.28844162531247924, 0.3504924783964417, -0.454514513689311, -0.35247686612753554, -0.193301427121535, 0.22745557715694978, 0.2864008934316923, 0.23016698656250334, 0.07930964543102315, 0.0780620642152799, -0.26643324804751667, -0.24129838585739166, 0.29443400502883116, 0.2665283759100103, 0.22652021764064542, 0.12135224549459933, 0.15083323990100123, -0.24902310064800326, -0.09748674704295861, 0.295924431828104, 0.20469167055343102, 0.3537245781713416, -0.4011096783819091, -0.19761723600420417, -1.034013667449869, 0.5999455878832713, -1.6522798236989396, -0.627770750293904, 0.9075337530394394, -0.1850004408477149, -0.9658882952263034, -2.140926727135323, -0.9916508850896387, -0.21305747793643073, -0.9524782003326512, -0.20836063841952537, -0.6637813904981136, -1.1210707603097003, -1.018990291970583, 0.3778366920173775, -0.15557478323172513, 0.3453784346485295, 0.5815410563455604, -1.9034517494843242, 0.4259911936055552, -2.0633773214516844, -0.12351435671799738, 0.4826594675388933, 0.18383181774656837, -0.8117426615019294, 0.7981820557525997, 0.6138121904234105, -1.1645713414824224, -1.1968156252334432, -1.2234986332196034, -0.85436868941528, -1.4653878046532876, -1.0821704858966352, 0.8467598400840791, -0.038721095825127595, -1.1850936149567515, -0.6625174088805128, -1.0493869594505887, -0.2250029652910778, -2.0202626297493147, 0.5731431808317052, 0.3850167661444186, -0.8036588893470253, -1.6290552044162163, -0.961887526803463, 0.7204169164274089, 0.5941450665684018, -0.25377762474695204, 0.3773828866452619, 0.36559571493399945, -0.61017913493205, 0.5146621788529695, 0.48854668309170646, -0.3002364185248331, 0.0090036709924611, -0.6536348240464742, 0.088768468385108, -0.5218278812487586, 0.6858487084847131, -0.6464473938599667, -0.2225156525720141, 0.1830116270038549, 0.5610499997922066, 0.35773312920930644, 0.7372663118631647, 0.47253753820097344, 0.011072064510571217, 0.47771228594484316, 0.0645654658894821, 0.13241949110153195, 0.5886735970607858, 0.6145822047253975, -0.694429191506033, 0.46278817638077013, 0.5354390325268317, 0.4668200187373887, -0.3200207073061391, -0.22353347442487942, -0.5703008832979943, -0.07341665132169928, 0.41956772218232524, 0.35848792897709436, 0.6269348066598455, -0.3202647563555589, 0.2683309622866417, -0.3684663649103486, 0.17587469579174794, -0.2748466965645254, 0.40457267926650053, 0.3223995636387754, -0.4062075610220248, -0.20024007821007953, -0.4726836373795075, 0.4558093657594981, 0.45773210094040945, 0.4249817994000405, -0.343242714899738, 1.3651078496968267, 0.3631049890499958, -0.3712274819142002, 0.1113440455307832, 0.29826416289450985, 0.8405898943136245, 0.39144365136479287, 0.19437950392181458, 0.26838550206831274, 0.09526293572431621, 0.2633627971541786, 0.48107591005516454, 0.19280910974944473, -0.40467126692687844, -0.23781657951930962, -0.13448585953857065, -0.21831935086916693, 0.659123832203999, -0.15636134777741165, 0.9959674149253727, -1.1873513438383398, -0.1923228419284003, -0.19011125033184298, 0.3653607015255058, -0.24897011210751227, -0.3750282261575458, 0.5205776978657857, 0.3921697745746496, 0.24233560585992195, 0.2408952628528376, 0.5663159444829473, 0.15890344567048123, -0.3371796913168273, -0.1245829846219066, 0.4099799596141503, 0.06992061597850341, 0.33927154277743415, -0.04267168789720517, 0.627868108470002, -0.39751180823052656, -0.10964614770062459, 0.2137576536696726, 0.44147257442125715, 0.2918473105782804, -0.41090804629049604, -0.31105362318429286, 0.4082947510678702, -0.3357569938579279, 0.12451047612954576, 0.31878176849403833, -0.5509806860864803, -0.06799349153913234, 0.3395341509906862, 0.02148464576928746, 0.30469576214261235, -0.11020842519070066, 0.5416714679506663, -0.24341839365151527, 0.31428098618806793, 0.4350444168960932, -0.10884645410248463, -0.5474767270159776, 0.01001744588783678, -0.2687288042704785, -0.4638632127708969, 0.04421819510413443, -0.19301333195426434, -0.08918998070531042, 0.09861043228247295, -0.24726468983221464, -0.3078546081664542, 0.36173839171911126, -0.5945863060625425, -0.2797610956979107, -0.04835116333140829, 0.04512390400865954, 0.321090652032897, 0.2560949675506993, 0.09721268955423258, -0.0747110415055676, -0.3702125712158983, -0.29717401923065645, 0.16120985605811894, 0.04349306646135561, 0.30449001804627573, -0.06538667694314486, -0.006544304838643174, -0.4073368476300289, -0.16712892720130948, 0.45434254188668843, 0.2637363129745791, 0.15353783414102307, -0.576883533147506, -0.28664584814865435, -0.28996337746369955, 0.05240898030127695, -0.15580684672359055, -0.16701652641982107, 0.21651084892645983, 0.03515693556608893, -0.2484402653052875, -0.018770307746058663, -0.38769791620628347, 0.14772012842387283, -0.30284447874608517, -0.014056889564959043, -0.16275657856020298, -0.3079605304224351, -0.08530803315293664, 0.32814352148379483, 0.034169724062086584, 0.24639094723599955, 0.1314690192309638, -0.07665327208546541, 0.0996642987982408, -0.007856820106153125, 0.008033033659401253, -0.02086601339536521, 0.10897941992048817, -0.32584724187130204, 0.26955102635949724, 0.3005264545675532, -0.17404658800225634, -0.2399500893695349, -0.20590082877376034, -0.21520844890008217, -0.11060457837978001, 0.05538205274800662, 0.19481519991771254, 0.09063693983968946, -0.20632416292814687, 0.04959036288349538, -0.15327538028316426, 0.03495567519242225, -0.020584725158414106, 0.28045205050296923, -0.03927736124717599, -0.17265710178495008, -0.18448470623971602, -0.13899594603893367, 0.19037183971181357, 0.22800820947358305, 0.5591716613626659, -0.5387866083157673, 0.23590461714109154, 0.32124134263172677, -0.7130804895612675, -0.04238445131838759, 0.6190791644687403, 0.4495622530379696, 0.5176508692427207, -0.5750482779101553, 0.7545556569539619, -0.030010878177296106, 0.545641296098517, 0.6811284444193029, -0.07606050890917353, -0.5478484199572264, -0.13090305439749284, -0.350028056875536, -0.5282776918010542, 0.3030733043446829, -0.18811139511885744, 0.10804332964733009, 0.21173543524363223, -0.3973566474236077, -0.15754813074060556, 0.6459721426217507, -0.6557622678254882, -0.45790119341769747, 0.09165434521596594, 0.3542223142755529, 0.601764980551252, 0.4785309926961965, 0.40167756871278537, 0.04567367809991915, -0.35480291366764344, -0.3038916181849208, 0.3058409542606795, -0.39391437646006733, 0.5041933383376682, -0.3061787553838643, 0.2510690793005271, -0.46903321629232064, -0.1541577829822086, 0.5820921904010224, 0.5832357430374959, 0.3427351018209525, -0.6625625092566324, -0.40749060869758164, -0.6750009868064416, 0.7975086305706602, -0.20747876262018264, -0.7169980079794802, 0.8686262208667954, 0.27766715716197676, -0.734281279268738, -0.3307031187110592, -0.896971571288039, 0.679592021537627, -0.8237206264806792, 0.470294251825307, -0.8408839275530446, -0.8551973202088489, 0.13090328249876135, 0.7632310490507758, 0.10195537077512185, 0.737057198707922, 0.5988529929064852, -0.179793593227415, 0.37753257291133197, 0.04319183475433909, -0.36202283066055385, 0.5949616573954069, 0.6705756335927051, -0.8740897000444181, 0.8584778079681809, 0.6874084971747079, 0.08686086119086044, -0.322329164621244, -0.7618475152779141, -0.6536696839871531, -0.3766467980241977, -0.22166319390264536, 0.7725960988609003, 0.5620714661150433, -0.5134775872067825, 0.44325377499876145, -0.6612098807599593, 0.23527026086512068, -0.08758179758887671, 0.8096219393149542, 0.27245969787255864, -0.6008177572414699, -0.4641265875856824, -0.45581587459566425, 1.0183320088203576, 0.8158796974066734, -0.32421674388963867, 0.4308929922556605, 0.431690385560414, -0.4356992913965672, 0.46161750696369286, 0.4861284494853465, -0.4509651181126968, 0.03057731377895628, -0.3256742368572859, 0.09056378953820074, -0.3640666553727429, 0.7493521918468186, -0.5809422175842057, -0.32780211278793087, 0.26777808049324175, 0.3603731574296415, 0.32400271071034514, 0.5920180016727989, 0.3323661919773686, -0.07110198455452874, 0.5062612170533427, 0.0929724840272959, 0.17754032007174608, 0.5323947688366402, 0.6980465407679642, -0.5977027575583518, 0.4423913308188204, 0.4202802746485664, 0.47005712968482877, -0.20843061507836963, -0.24722920534174933, -0.5467034687970391, -0.05258861920550572, 0.40489203495664394, 0.3223651772614761, 0.43017576184781375, -0.36997199589333685, 0.21087021451201232, -0.24783382993938935, 0.15264696105417452, -0.23614011282382727, 0.5587107714280768, 0.28233227196126864, -0.41196518811236427, -0.020086967713277917, -0.39364361890456273, 0.5081595312367317, 0.6278189613425209, -0.1825621770429651, 0.36767884340236784, 0.3542968055608564, -0.5793833341307165, 0.5453011629051376, 0.4909120876724549, -0.2825967744498643, 0.0327124444566229, -0.4801542110488375, 0.07128598877948028, -0.3075244196078723, 0.6836678593504164, -0.550327971324812, -0.27650558077545506, 0.1827595551744864, 0.37418391219611463, 0.2823499727535624, 0.6124272059027449, 0.3939284934082478, -0.009761441245005118, 0.36867963352486854, 0.05617842128152679, 0.16562371411494076, 0.5982305299342321, 0.6503557283143206, -0.5319513978418832, 0.35559451876662285, 0.5408235351674291, 0.3135196730909084, -0.3234244962789786, -0.29104134018118755, -0.47778817172977955, -0.18561835017806183, 0.37536798940564, 0.25522457570102164, 0.5371811523312906, -0.21826410801926802, 0.2395928027495526, -0.3595312342434169, 0.1295475110745476, -0.21128220156007047, 0.34939849890164465, 0.24062762478952518, -0.3506350424792928, -0.11442626224207207, -0.42125462943062425, 0.4718996745450158, 0.4628059373872119, 0.6645974538495809, -0.6641865888557574, -0.025484946458942, 0.9589783753514203, -0.868602674195464, -0.2720532592593273, 0.7862878287418633, 0.41174434086094674, 0.8155377514812613, -0.2573982020207275, 0.6846987553465999, -0.30782991098450163, 0.7679598186969534, 0.78061911130808, -0.20244243987113528, -0.8634098407600145, -0.001658549228785443, -0.6558795411084083, -0.732835007951227, 0.14301477637141902, -0.36419055540299683, -0.7610505863172894, -0.5438274486384839, -0.509566701734952, -0.5926149679962184, 0.8698737741052199, -0.909837711656853, -0.6009282384785865, -0.16752206945790604, 0.5835380097080256, 0.6772333797337993, 0.6002026869355898, 0.6634423118953936, 0.236416183693648, -0.6936772750873752, -0.5180951963436838, 0.5664134612415518, -0.198276972907355, 0.6831029778694188, -0.19660011378004913, 0.2179250895942669, -0.6317349188566196, -0.47208439103607996, 0.6235479537164864, 0.6882550307592283, 0.6022842109545375, -1.043878374672505, -0.6753797190955334, -0.49618914938245623, 0.20065958933239667, -0.2027640087273168, -0.47578962201426017, 0.2958134528406105, 0.05938926738535436, -0.2830779394887823, -0.3822360772414074, -0.3284679938307878, -0.03616828597213959, -0.43473070093534183, 0.0547228281294631, -0.4270335152632302, -0.3624270136114107, -0.24784712067096823, 0.2951551369687248, -0.502233371130946, 0.05004178809834794, 0.4688340531497474, -0.26468713255081333, 0.10203178129151375, -0.07879850868617458, -1.2099966164064246, 0.26709807879125064, 0.3322998559786742, -0.24880985782183607, 0.22106260576981004, 0.18353307402856178, -0.01123270578281764, -0.30976525990608866, -0.4319077763116207, -0.42680120880029, -0.39561952249650517, -0.7682908850564794, 0.26690579250628077, 0.24550407853154596, -0.24932920325019106, -0.1675579708297956, -0.4287570773380152, -0.06876529127294256, -0.09161508917308935, 0.3747535698828004, 0.11076900058477336, -0.4916678295553784, -0.32004415881062864, -0.2550904553601707, 0.48750793685966637, 0.2981970844606404, 0.8921667036842702, -0.9724210271921387, 0.27750539458676743, 0.8828769899024893, -1.108007217476301, -0.36365324614856154, 0.8689381054768884, 0.5543845207088279, 1.2032713161212065, -1.158210169768715, 1.1397745642878734, -0.1570191713461399, 1.1012917375491869, 0.9319105925835628, -0.25549974960655825, -1.0302936049128952, -0.790699421841734, -0.8555698060444432, -0.9809132282662408, 0.609158018020589, -0.6721605023028389, 0.3019370629426033, 0.14170634855101538, -0.8267322925458863, -0.8272634284324131, 1.1690009138799236, -1.093514162370149, -0.8756406017057115, 0.040536499698915984, 0.897553024785179, 0.8927845667970943, 0.8893905569450529, 0.6136135283103994, -0.40527873335028963, -0.8449540664756883, -0.6036954738808871, 0.7728026018814258, -1.0369738769759649, 0.9928881180940333, -0.8791560911934518, 0.705752709110576, -1.1746427222046782, -0.5071385479033624, 0.9962471174861682, 0.95838439637531, 0.7037446490661241, -1.240831380922018, -1.0640304204622835, 0.7208087527142957, -0.34114984626928285, 0.1716895394488863, 0.43044343251476674, -0.707115173997211, -0.1725246707066597, 0.6032594382824136, 0.4995831666551421, 0.658000226085816, -0.5319815633953608, 0.7469693104866024, -0.22617449953008262, 0.5441317948845844, 0.7856565910225495, -0.18047667194543907, -0.5995466422752499, 0.05811310576928979, -0.32041078716754806, -0.5374302089209669, 0.36203973318279403, -0.21902821251176338, 0.03245374280657403, 0.267478055759069, -0.2796537122939884, -0.44363937773453904, 0.4363115828714501, -0.6621441023081949, -0.38181360347482673, -0.140196999730311, 0.49388170760553757, 0.7512972129436013, 0.48250474400161786, 0.47229204634677363, 0.18579986005951354, -0.5579833535230564, -0.20601365024969184, 0.46413377017611007, -0.32874025883783825, 0.5374677231437919, -0.22030755915711514, 0.1570391928301937, -0.6294656370630072, -0.18972214094372056, 0.48112256192912856, 0.5644296652396195, 0.44024383029541664, -0.6965817552350937, -0.37761239042291966, -0.41420216531932535, 0.3482089296008564, -0.6059925903964375, -0.42832579961372974, 0.39078896338407954, -0.18239906637398917, -0.4597642881901132, -0.37321195706761673, -0.3162458057404052, 0.19126902962164155, -0.35741609881259606, -0.07575896727662404, -0.2555777367198526, -0.33086790852145037, -0.13202298894412415, 0.33098882389878287, 0.07754239349789202, 0.04051453762292967, 0.38899111567438766, -0.20484269351374235, -0.030292415930678024, -0.1563918243836307, -0.23000193424763707, 0.1523695562874976, 0.1068446555530539, -0.2527667619911863, 0.4010400093190014, 0.2157057343824748, -0.38579433314903006, -0.238026184484532, -0.20707734275019346, -0.29411927271485644, -0.303157177965246, -0.2370447200804607, 0.27655315017603976, 0.10061018357901157, -0.31933884914299876, 0.05860684083904162, -0.35445244764638445, 0.05756164705937263, -0.021041441955477254, 0.36516740463857206, 0.009767781207410186, -0.39360988567888733, -0.379722962671471, -0.18327584720978182, 0.5972083440314389, 0.12140325592807, -0.46488377378065204, 0.3398016284000272, -0.44910374911092366, -0.30071423991995755, 0.408645415440919, 0.061479745807484214, -0.29660189464149217, -0.11301801245699535, -0.4169086567061523, 0.09518620825076274, -0.5127653383684183, 0.06944855786696749, -0.2938505034445452, -0.45766413057156435, -0.021974816137993538, 0.41269453528634625, -0.14132784123393755, 0.29751725355159697, 0.20813105779782148, -0.25353013473727226, 0.18035063451147032, 0.03980583680737418, -0.4174287418568736, 0.20079122118110096, 0.11887323741608549, -0.4000798015970819, 0.3231773014753919, 0.1770629921829451, -0.11864575956737386, -0.24159435630032888, -0.4471909987840393, -0.17667560272283342, -0.2843619501010669, -0.32966866052684374, 0.27500576208495786, 0.2257491401558669, -0.20261557918254566, 0.14985748404474006, -0.4021304847522989, 0.02585486432973772, -0.010537760769532912, 0.41276790387967843, -0.020166831973546677, -0.2946155229128117, -0.400194346582418, -0.22949346223986566, 0.45199460751625403, 0.27772054263778095, -0.06606702274028098, 0.15159411939566242, -0.31553702033526393, -0.11747693993395303, 0.28608786325602736, -0.16108839280873638, -0.25388297320112424, -0.11104361512805576, -0.2621307342112749, 0.023340067478901893, -0.2466848837802105, -0.07850954125818943, -0.30952445194209777, -0.13869877303237071, -0.05648122132668488, 0.1367495238579951, 0.02070671485590853, 0.13231218299515363, 0.3340750209062186, -0.03241163675429283, -0.0863519509538045, -0.12797558002554285, 0.02023397097457444, 0.12459278085781342, 0.20232654198501762, -0.31430556047759894, 0.35962927434955355, 0.23217226907169772, -0.21335596901150086, -0.10479385075744324, -0.15164766830985169, -0.18141729272577042, -0.16778733185746403, -0.05611933487322918, 0.20872074106025715, 0.05948540630226136, -0.0039920718723371745, 0.059494973390660885, -0.022218229395774166, 0.01810641090519523, -0.03186421085596616, 0.1564051032359676, -0.02418527617190938, -0.30963613273300983, -0.2598191059139537, -0.18473423732709462, 0.1733867964947456, 0.09358547010009252]
parameter:1
dims:['1', '48']
name:intercepts
values:[-0.04389249288394661, 0.005684656168014695, -0.34025778092566034, -0.0020247300942112046, 0.218562363343026, -0.13653301800166462, 0.11686986468658596, -0.08939357066670948, 0.013317017907234885, 0.10759780544662766, -0.08379338331204753, -0.05181689269963301, -0.0411363037491808, -0.13488337651882198, -0.2769573151146267, 0.12401477317914653, -0.08397034063166742, 0.14944479843003505, -0.20020848017971962, -0.21236342139154266, 0.03375189494047699, -0.16797707280881277, 0.09742591260037327, -0.08333077317956573, -0.009787540070738149, -0.19565446226264685, 0.051946303994803364, -0.02471896280390143, -0.31631904938330196, -0.20827762591407933, 0.016304511988838012, -0.12998593892918128, 0.11936808851354906, 0.12324490361709337, -0.11096771997312908, -0.08275345053082478, 0.06312989577357243, 0.15370943630155603, -0.043604675034559746, 0.01226466580394946, 0.07590993073964857, -0.03564119293955843, -0.11434732903953647, -0.026075563775402027, -0.22749420992217123, -0.1056621607394709, -0.08649143617190773, -0.16351092200519393]
parameter:2
dims:['48', '24']
name:coefficient
values:[0.21895691950561202, -0.5717827086414246, -0.002556972381355901, 0.40503100413752524, -0.5693515150606915, -0.06323992826374679, -0.07520122165139857, 1.0931679678020825, 0.36316606000105617, 0.6671528817307096, 0.4074596817344612, 1.1605729057308163, 0.02116977008932443, 0.950888786582208, 0.2766803374309163, 0.12422392294550906, 0.04337845002521534, -0.2366626771451477, -0.0604343792943972, 0.7255326871539362, -0.18900718089353097, -0.3504202748088335, 0.06611188082723649, -0.4820821080614226, -0.3316966316368547, 0.24076064969085387, 0.08064372140106557, -0.5075722386813697, 0.35886426238068553, 0.12300819405143966, 0.12614055245029024, -0.5345212821619819, -0.5686523311358679, -0.4158267245426953, -0.5809592270438906, -0.49268768123557305, 0.1172055146603927, -0.5278702147257933, -0.3316697053146864, -0.38758678926411033, 0.022005871953268454, 0.32294086188253357, -0.09743420146755957, -0.3832632297343888, -0.060494110305446734, -0.04351655598147682, 0.1595674248503805, 0.44287606686187664, 0.8464990629098709, 0.08468356267660787, 0.2984729354243857, 0.5491592210826589, -0.8272026697993836, 0.3153074723044355, 0.3374818913314928, 0.3614363935573716, -0.0025257274594998754, 0.2644671993927003, -0.2323031286636989, 0.49407791115525224, 0.26120982786596036, 0.42101155279470726, 0.47435498352508204, 0.7149565839371532, -0.3356904727357161, 0.24554433210315152, 0.5321158661787696, 0.3919908692422195, -0.09699383981076859, 0.3653046914981697, 0.198262946774128, -0.0031852033731728747, -0.11473414599870062, -0.47699541644407545, -0.14823160486702372, 0.20360330575787813, -0.07537928574461304, -0.08836613503025147, 0.045176636734041285, 0.6708945206894555, 0.5026856855281494, 0.5430062483282146, 0.5079748994762117, 0.8247902869240139, 0.06972906142401018, 0.556070978553891, 0.11976509727570746, -0.12065400866529488, -0.03014758029409676, -0.4791711598545222, -0.0588083431399945, 0.5063721429734424, -0.14816764684967854, -0.5011836353661538, 0.06834251757329224, -0.45045238042743235, -0.5084492016021752, 0.4494804841570105, 0.1892957727834102, -0.6800583072704212, 0.4868011756762357, -0.0075966799668736405, 0.08284913047886396, -0.47571928103798, -1.125459493034492, -0.6009371398199688, -1.1143276952960954, -0.6331854321977209, 0.13976345458659867, -0.5821756869043997, -0.5063148836161848, -0.43738127228891677, 0.013992354742861408, 0.7755193721335224, -0.20722595307172925, -0.5871121565677135, -0.07561692901650964, 0.3176053307526446, 0.0853801068737191, 0.6521887189741643, 0.053768134630019566, 0.011609264190475558, 0.19451711706953878, 0.11282146941419172, 0.011177716297469631, 0.13478254213496302, 0.17901877309263534, -0.21626706499983317, -0.243917800354359, -0.03152649648606195, -0.2860295357064665, 0.02240184436361886, 0.23123978066093984, -0.02287555324659768, 0.08970660083730968, 0.2130719068063667, -0.1238863057580969, 0.14621891443295387, 0.29214501669605153, -0.017215803860038268, -0.16020072544318378, 0.005618753394245831, 0.1482403697204205, 0.0018863357872317972, 0.1324283739101327, -0.3934816831571131, -0.07240938395471673, 0.2351930174059731, -0.49356859918920337, 0.09441866127649302, -0.0411527022471254, 0.8275773229656348, 0.34126252928161566, 0.600852487814675, 0.2870189352926958, 0.8601825962227023, 0.027244433193405852, 0.7397720157747968, 0.2534577781165601, 0.19199056475004275, -0.04811318706869733, -0.4267775103895756, 0.08088961781504853, 0.6135619451588044, -0.08256960953708448, -0.3160389846974632, 0.17499717554101457, -0.44444480364103617, 0.4628632831660359, -0.1404912225687338, 0.297804038358732, 0.40315308425230056, -0.9390762202518212, 0.3862402023811628, 0.1989516570507892, 1.4641457603439951, 0.007269032747127857, 0.45581737074898987, 0.18452947481046425, 1.139569092220477, 0.13920967635837164, 1.3382789869671223, 0.3242060229184046, 0.26517066024146835, -0.30629001791929544, -0.05278425959271596, -0.028861615946060355, 0.34837678775220904, -0.007938929129358303, 0.03419231794537874, 0.017531555002630494, -0.1436637943097944, 0.1736400501216976, -0.3243881637234518, -0.09910945650933957, 0.30027310112830036, -0.3658687269461444, 0.04798701239303539, -0.035031151920162235, 0.7165566507590861, 0.7095262938287054, 0.7132703476306085, 0.7198187716944123, 0.9031745553376166, 0.08022484134017537, 0.739176496423581, 0.22157224524553196, 0.17459599001496937, 0.02923086909303188, -0.5677741694183489, 0.04842019481996679, 0.592271257197837, -0.15875074136706357, -0.3502115621984856, 0.15803813359627134, -0.5368719813915421, -0.8376731806389466, -0.17393121237072348, 0.15713792614652758, -0.5710493047496276, 0.23836014387512136, 0.11071036824362965, 0.0029766396315621395, 0.6180165538764666, -0.2062540150548839, -0.28184123324506255, -0.20367789809780554, 0.43573345091074245, 0.05941451878300448, 0.39293287025830637, -0.3015131732161297, -0.6982423376291169, -0.1609139219980916, 0.035597277334333356, -0.5623619262449255, -0.11057589286849409, 0.054536025553267024, -0.49056308905525325, -0.02288395678700328, 0.21284584447145324, 0.2620544050738148, -0.6253181511667371, -0.017785056392010692, 0.47429206449507205, -0.5101369621194836, -0.20727155333372116, -0.03783971680889664, 0.8732680949448404, 0.7584352788296218, 0.5390746594524253, 0.5788158710307677, 1.137570816021666, 0.013737566753627552, 0.7611333247510449, 0.36896006970594764, 0.25790562904915915, 0.06289983493920832, -0.44881153327894563, 0.020262893523119625, 0.8082574375462462, -0.23728260109460558, -0.3356335161654831, 0.09838606354426711, -0.6019864029991582, 0.28403348669271544, 0.08728507012189432, 0.1856723479129973, 0.16970212694608758, -0.12466250527222449, 0.195237373927725, 0.2336893126945961, -0.3193709304821577, -0.1263926725879618, -0.03813657390719633, -0.379681929809043, -0.13588944014325108, 0.1714364628091204, -0.09252579664071904, 0.08619349059650687, 0.1983387290614697, -0.17336747987176548, 0.35228179826125544, 0.33432750956848345, -0.10738516942214689, -0.2531612965350858, 0.08911634400132523, 0.23102103040089353, 0.1978929603459838, -0.16393848018517482, -0.4627404823879983, -0.07230641240060914, 0.15054396926895416, -0.20311488707854103, -0.10915733310370002, -0.10271700098097913, 0.6143260457274142, 0.5701035770686584, 0.4085483287928283, 0.6430668103735886, 0.7392965998898308, 0.06463990695648315, 0.5780823858760035, 0.13416253079959892, -0.08926567946890027, 0.10092689993235235, -0.47911880304385407, 0.016799561802981405, 0.4471015966774381, -0.19842365443484963, -0.5095340750290541, 0.09706460004655204, -0.624328775287613, 0.2530074058172101, -0.3680898735432814, -0.06456227930091016, 0.5120914242656506, -0.552068947245038, 0.003637124206639081, 0.059612017801386114, 1.0278694753099653, 0.4702290399067001, 0.5715290362787597, 0.4521808568066386, 1.0636640237487034, 0.06256094390146882, 0.9451373686169192, 0.3167333934021525, 0.26159144789700944, -0.10271395242115221, -0.4685651215610194, 0.005518054051783497, 0.7414520283927054, -0.1289877840191548, -0.29129049168449744, 0.042849201122188624, -0.5860935363315873, -0.007791028151366834, -0.10534559014401794, 0.07448571190913984, 0.06519190454545064, -0.30222344968273385, 0.23237327121248275, 0.1632367427034918, 0.42118273746792095, -0.005017061120605425, -0.138677443650754, -0.026172496845076443, 0.4427820839288816, 0.1146542068004526, 0.3248591188995502, 0.06084567198764106, 0.04237000691468619, -0.11012160358218713, 0.1390323084773425, 0.015518305902610092, 0.12147971595274598, -0.10351929158929524, -0.14459860946366085, 0.011596364247564387, 0.02912326093824877, -0.3461680945344317, 0.3734134313016673, 0.11902617009828391, -0.5351836086583436, 0.34010922081218153, 0.21627057759616816, 0.17917646753271738, -0.5687042222078014, -0.7506791089511113, -0.6462656293598718, -0.6983783900278363, -0.5428634245465507, 0.13380190303433226, -0.5753663961363136, -0.4003996400406312, -0.23115485870469615, -0.11777882690160188, 0.5803315158514459, -0.04813830684996805, -0.7147195637676592, -0.15798075587060995, 0.3717403919737326, 0.15024206197530002, 0.6025525013512398, -0.46940525006147754, -0.4619861718489624, 0.01633016022010836, -0.12229927562536293, 0.04167952014535526, -0.1783738518219304, -0.11079187251373095, 0.40449535255924185, -0.30213683101806293, -0.08587013851882092, -0.20723316135012512, 0.3139378324808853, 0.025902698530845203, 0.17520724416382574, -0.10745309237470871, -0.40819584255158115, -0.027538547058475873, 0.021202560107018584, -0.2848354409780513, 0.20254529124287288, -0.018519674674709115, -0.6619265386093067, 0.044444306997547305, -0.11780280044941321, -0.19405188044893568, 0.014274941196358028, 0.23520590526180518, -0.29575018439824596, 0.15251559977747603, 0.15665120025545573, 0.19289227341661933, -0.4420000501100397, -0.5191102973559426, -0.20008123107466028, -0.6178158708815191, -0.20843406976404713, 0.21807699719621462, -0.43531770267168973, -0.15617939549088353, -0.18209527067623407, -0.11163058918012875, 0.6070789453082741, 0.09083275657295235, -0.3441154258459997, -0.19111527910969012, 0.15070923388780136, 0.2134793119582896, 0.3162613081838647, -0.3263591043562868, 0.4130024211016083, 0.146720981624852, -0.3429411370113177, 0.25951639320961956, 0.09345712697512082, 0.08230504834913796, -0.5723519589582857, -0.7031424785109524, -0.5164979827773447, -0.5574962950575323, -0.6637774515777207, 0.17199664241880885, -0.5859434300076724, -0.2750546162677185, -0.19044936479415622, -0.03582413765618734, 0.47660482992113945, 0.025432976420371022, -0.5892797795759989, -0.01337427542655885, 0.26454203900175904, 0.19285277886752764, 0.3278910345933453, 0.3999496321829044, -0.10726176151895357, 0.1272619124603766, 0.20938568088458812, -0.8370600516154622, 0.2545002764356354, 0.13421624305286597, 0.8760072256972095, -0.099310607236849, 0.12664786499897443, 0.005906696413127943, 0.956432571645988, 0.08922249943461076, 0.8773844654215411, 0.15795220811493613, 0.2844563120499541, -0.24976006828162217, -0.005942525785722764, 0.08777053752253798, 0.22260188703904768, -0.034289670227492706, 0.190766619365737, 0.15085810917217554, -0.24333924050990213, -0.11662148964842874, -0.11739311910121612, 0.2089718675046706, 0.021634379913055744, 0.2361064594453072, 0.05757198425594077, 0.17009584617542736, -0.3067832091299412, -0.29644507013619026, 0.009723153545036433, -0.41008167844012, -0.3094770513143208, 0.14193865750768145, -0.15887181738659, -0.17164080184616032, -0.1598703961306925, -0.06764074624837194, 0.20781857852893476, 0.08351011693774017, -0.12992797552200952, -0.11920395373641034, -0.12832406097961863, 0.22175952294762147, 0.06795046119102979, 0.5355590642491044, 0.048246727359703714, 0.40708685803390077, 0.2757683423340101, -0.8650463609686692, 0.31667544372075923, 0.3266720478826582, 0.8476346023444988, 0.08598052751240536, -0.014495432941211521, -0.03192314495194461, 0.6893440485157416, 0.2317051417311324, 0.853931615654402, 0.20636067037189335, 0.3598820558780416, -0.404195496686555, 0.026926410991118584, 0.1473060236782806, -0.08629573128088866, -0.144153792150753, 0.22934162526267168, 0.15241854119937387, 0.07240847680309348, -0.530920864194397, -1.1282164826000738, -0.43120569406568854, -0.13790805347500612, -0.08958314194630923, -0.6823480779143251, -0.36845303337240437, 0.7236112387353949, -0.17105141828530024, -0.11308030602045104, -0.16998201861467646, 0.538092873544055, -0.21637291057716024, 0.3044920300780127, -0.09019060726548252, -0.5089062039121496, 0.2354201061398615, -0.1808993660647288, -0.7255905720717457, 0.33303045239223905, -0.13504682029853607, -0.961957908364567, 0.027130932756504713, -0.30031980738673153, -0.1726680685613758, 0.09248548997184032, 0.21443898737994888, -0.12119674355939382, 0.3011737803632922, 0.059100043993457224, 0.1482125484169286, -0.44126012917637325, -0.4537160910229797, -0.26614711283293946, -0.4805357526253825, -0.42723096980652103, 0.15794978501115908, -0.24341172211859427, -0.2920473182712266, -0.14244495847612484, -0.06835909498135229, 0.3592374854588121, 0.0025211953966290525, -0.23406630174241908, -0.1468881973130462, 0.08989291369267291, 0.1442893995987499, 0.08352216317205902, 0.024483096985015048, 0.253229341369082, 0.26530265906559397, -0.09803149788416984, 0.18889595036524298, 0.2159697642895087, 0.16232371070677698, -0.31385149058379874, -0.518373130204242, -0.16413255631819942, -0.5600502431222921, -0.3677930241788036, 0.2244604339152201, -0.2620021372935467, -0.1700248654721054, -0.10364138810616177, -0.07600599061538127, 0.4246099404529795, 0.05789669056238976, -0.22917256624156068, -0.10722886687469196, 0.2681280618703392, 0.15681983601805782, 0.35051135116605064, 0.06989018835247272, -0.4045352764722843, -0.12986374980888993, 0.27068250084279444, -0.20082095010318007, -0.08506632611804173, -0.0013525323431418494, 0.5356224410779662, 0.5625684603135481, 0.6794013718361559, 0.6455322631853768, 0.6793981295434329, -0.033423425513924056, 0.5254909763525297, 0.16830023311528383, 0.11206224538693565, -0.037518527240062216, -0.6331971266527234, 0.04611193326458752, 0.6332667278963401, -0.23733919727856156, -0.4653442830736178, 0.18934560311341017, -0.6909294571918301, -0.5337265468212385, 0.4890417582752611, 0.09699121993263053, -0.6087675929020419, 0.34016500725293736, -0.03803244845287603, 0.05472037067273987, -0.6103537129686829, -0.9203927168644895, -0.7515989596760113, -0.7525430360195949, -0.7328932322223641, 0.12031309076082973, -0.6270621738542318, -0.574881133283678, -0.39522888765909325, 0.003200395304024401, 0.6259997643967977, -0.12823202015650864, -0.704164252397822, -0.07910799339747861, 0.12776704703355518, 0.1644886691700681, 0.5988184960132024, -0.19446208887921324, 0.29083522506320814, 0.01716707751797667, -0.26456212143779495, 0.19992480312132066, 0.0015351613650336584, 0.09932066194130669, -0.6755148301491591, -0.776770904143154, -0.37764889381152955, -0.720568002721332, -0.536061214371578, 0.06913910397720649, -0.4751592498314612, -0.35999654133743575, -0.24731778902020102, 0.025132882427069975, 0.5352530033923921, -0.024502915255543323, -0.35910375177649384, -0.0953523114714173, 0.2100609989647088, 0.16621104348911253, 0.38760278961577316, 0.5214532133132992, -0.06001033799211143, 0.34991036912791745, 0.22542940472971507, -0.46894468384097227, 0.32091427802381195, 0.2507159693643681, 0.11392702651728819, 0.0044507378125535815, 0.17676038133764713, -0.17652958622155554, 0.2528938808838323, 0.15610325355869034, 0.19817432518903633, 0.2004709107276933, 0.34414813780664943, -0.1628340674924053, 0.18023457902747575, 0.3258481507018701, 0.019614459293606164, -0.16340152120190035, 0.21866749650999537, 0.21697850238242175, 0.093061225327117, 0.21028075447327838, -0.08755126635976092, 0.14746062882355213, 0.15277082759048016, -0.5570684921720254, 0.19696890016046673, 0.14522110253184056, 0.7004775490372807, 0.20257018784812397, 0.3363901065925399, 0.16084283009554487, 0.5906446696912316, 0.034079004621393356, 0.5750972258208765, 0.22940411720464648, 0.21368418440486714, -0.21452917815574868, -0.2729565334998354, 0.0004691437090954204, 0.15532285904970533, -0.17268790395731118, 0.03579212305897661, 0.007199839590683766, -0.22070141683591038, 0.2643991035332069, -0.40780738301190944, -0.038877709436546996, 0.479881011056542, -0.6405075490999634, -0.12506747832574364, 0.03404751138570837, 1.1423280071726614, 0.36139571559936007, 0.5332203605485227, 0.5720127241938843, 1.1438351772366189, 0.00927714848301427, 0.9928843996425121, 0.26245385456952947, 0.16222406536518846, 0.01910441559350304, -0.3278776377901036, -0.06890633827944163, 0.5761199454373033, -0.10990894823686292, -0.4083405901038048, 0.0792304932022667, -0.458639501614892, 0.14075410262212618, -0.3484831908127193, -0.011375611158204327, 0.25802875724591884, -0.40108738002141836, -0.1298994914077757, 0.04982854201856793, 0.7701501992359366, 0.32058923942459533, 0.4169322125496464, 0.22543545166971285, 0.8366621415204927, 0.015755413942214042, 0.6569430897171967, 0.13242430020792015, 0.13645671812907637, 0.0761813495524964, -0.3867995894986656, -0.039708947630777786, 0.3397939834649005, -0.09512376524754727, -0.4114120150963189, 0.05053629390565579, -0.3394736456105973, 0.25337848404801205, -0.32293272624767005, 0.09346333013715075, 0.42243663377641066, -0.5918574991421355, 0.11477073483462653, 0.17339273555593968, 0.9794036509043892, 0.09803900032191513, 0.26907590452655217, 0.08870905427662835, 0.7918063559600782, 0.0538389024753335, 0.8181694637510403, 0.15944350274718647, 0.22807114949716734, -0.2442068899940938, -0.12434297543756699, 0.07795081318559205, 0.38688200238420256, -0.06497346125338399, 0.03371918601988171, 0.12163762740478883, -0.10449856379398875, 0.0009423338561987662, -0.5972307156685696, 0.08759843514340794, 0.08858596350812331, -0.4276500318589572, -0.01416373443029347, -0.05673808892901008, 0.7970634362401491, -0.22836551324762444, 0.0679587387844574, -0.23832806476810886, 0.6800073801877523, 0.008845987116340128, 0.4819648868618219, 0.08167160233052417, -0.1336200521083183, -0.13473336554694118, 0.0997561369541413, -0.3564653065702104, 0.38449084288668983, -0.11661748989837854, -0.38453769494711076, -0.0020162881122146948, -0.1305443674749777, -0.47138375693645457, 0.1734750336384399, 0.042915502883962835, -0.5642678320358057, 0.5649201092553389, 0.048425008645040166, 0.04706052382330654, -0.5968552651794026, -0.40739236310198035, -0.46262529788150447, -0.27008065618249716, -0.5047273686409012, 0.09454076210444977, -0.5231130078427685, -0.3692073542170578, -0.4164252490376751, 0.0263041724000148, 0.31461875863844885, 0.010881498433187324, -0.40959617685584926, -0.15424377270805886, 0.022933438727497587, 0.172243307987843, 0.41421325048162966, -0.08110568159601973, 0.1698507578367485, 0.2726569481998396, -0.16515283978625458, 0.025084142934768957, 0.25624398166190343, 0.23187691634565363, -0.26511047659144327, -0.4244013255843799, -0.0736107636374766, -0.22404704336275202, -0.16273250285623708, 0.14913307402128145, -0.11242322557108032, -0.19962903532542614, 0.08620449101884807, -0.18908571047305314, 0.26949017712077816, 0.11145464959190521, -0.31211578177569776, -0.054665240338401845, 0.2756583696829642, 0.07903502425896915, 0.1912727938638916, 0.1548838158124718, -0.16665721422065805, 0.05185842003574017, 0.2734739801681047, -0.3827954972659108, 0.05868242568599382, 0.032956136462098745, 0.8705182409133813, 0.08572479134804908, 0.3358486221964691, 0.15957747621899038, 0.7330423135440257, 0.11226465111034072, 0.6804088490547878, 0.16862137616806977, 0.2069987602133405, -0.12978812470599374, -0.1928103173343647, -0.02877031875388598, 0.22403221467499998, -0.19894424058259028, -0.14069755706990036, 0.09807674065374093, -0.28250494684725064, -0.5656721058706909, -0.3016264241697383, 0.1005797661213821, -0.21040209450626607, 0.049369049718379326, 0.06372466585011521, 0.07571388385849753, 0.717593206087027, -0.152493261094568, -0.20929802243657983, -0.1633447936810945, 0.6160181011619004, 0.07066310945428507, 0.5181702501718551, -0.1420666117616427, -0.5130045395389528, -0.09682694980401356, 0.2447839094831701, -0.526197486580996, -0.06788338769093763, -0.07255065043235664, -0.5313600055093428, -0.007771983886957538, 0.014634346052603723, 0.24930606831217555, -0.35966326558857104, 0.022424591221641917, 0.2901035291091949, -0.49503741018796327, -0.07624589106684303, -0.01647274460224351, 0.9068234898025435, 0.3824765439584542, 0.4993501954623492, 0.4809005943459338, 1.1341898136129258, 0.1007441063058061, 0.8099948278852634, 0.28958507211804335, 0.15805946105173843, 0.0012820132041112735, -0.350060708004707, 0.06650454187850466, 0.539752449380449, -0.09553985168330047, -0.18078495551597937, 0.06624924077689119, -0.2697471578259478, -0.4648140562344236, -0.20737353289183688, 0.07485649159411535, -0.23752161111444658, 0.16173056566289545, -0.054256459323684725, -0.028720656915298026, 0.41512501265959184, -0.03275381303782993, -0.11604953570400174, -0.2838338188268249, 0.24036221051087125, 0.06910051409245951, 0.18307063964542605, -0.07610826795466262, -0.36558227386302594, -0.129978345391202, 0.03328245943934461, -0.29815828486859136, -0.016548647917117073, -0.16685984979221885, -0.31937493810707346, -0.004134184636590171, -0.011383674701688789, 0.21292624236241417, -0.001380350800648782, 0.2243361172693443, 0.20870259039336211, -0.7049354215190168, 0.2972336342399181, 0.15107445427999544, 1.217196862148154, 0.11567381238667093, 0.05317601550981633, 0.09540300771722623, 0.9009354388789216, 0.19836357275080713, 0.9999248127614663, 0.17946172251264525, 0.0913556320365316, -0.18590411465364678, -0.16223028083432067, -0.07029017602506092, -0.10172428147193957, -0.01943439062669628, 0.009028738376237607, 0.1248051337175602, -0.11311312579046995, -0.47772801824231415, 0.2393720459867988, 0.011607084020419588, -0.5534185740570244, 0.4387204326863473, 0.049704072241653054, 0.024522368829170253, -0.49708524012975414, -0.5758828564656934, -0.5556837056967019, -0.6308725267380323, -0.39167545082322563, 0.15094953455956422, -0.5575744236058932, -0.3819342882167524, -0.3113672576052523, -0.04830930955072881, 0.44546726235857953, -0.0809083388226546, -0.5438781988188435, -0.06616559403238842, 0.0918359560207306, 0.15683103477723717, 0.3403131381675268, -0.20703807482993916, -0.019758893213906965, 0.14149793767646154, -0.18232145884498369, 0.1292419857529334, -0.023728737580472132, 0.10665401147120021, -0.2521002342858428, -0.10526528847998083, -0.01913086902521247, -0.2710881568201783, -0.18463447354027876, 0.1262393247865031, -0.10652649402378249, -0.020091600626417815, -0.06708777415904565, 0.02310511020161802, 0.0565715918991742, 0.13215881423623502, -0.11998937724261088, -0.06308610770408693, -0.060586965667520636, 0.21600998505295643, 0.0025947474610025696, 0.15690640682607596, -0.5172293359763871, -0.01354431368711092, 0.309444154826448, -0.3726823353496806, -0.1697424628983522, -0.059937778387776745, 0.8767440148086045, 0.5166585753522516, 0.3867904868443187, 0.2782581946603506, 0.8746606042858117, 0.0638912017674468, 0.7292990004599443, 0.24476184277901541, 0.048597747171242746, 0.07706391398262337, -0.2893758789767574, -0.046174094178240546, 0.5012088950312509, -0.18606632710281493, -0.42299007354271945, 0.13829443836307256, -0.35339818147139623, 0.6216480763048772, -0.2501896182661452, 0.12973254522745303, 0.5236049586204864, -0.8917531479483903, 0.1037485776607138, 0.19275356440007815, 1.0624749647495215, 0.2617156770146253, 0.45389391868315115, 0.4118606537957003, 1.0221866393251695, 0.15529698482466994, 0.9849526340758384, 0.3593073944908758, 0.4519445249874826, -0.1770334219090112, -0.04919613562965336, 0.15710535131192094, 0.5208660975304329, -0.14342423530843257, 0.052614696400146974, 0.07740032800361049, -0.2427214221417673, 0.02689211379230432, -0.14878500863572783, 0.014110897093496456, 0.1294759243898664, -0.289879887407443, 0.06071537156359562, 0.07904550316780672, 0.7701423909565931, 0.12678733712075885, 0.2654342114536017, 0.22256088220117243, 0.7485249831723862, 0.1432421969936773, 0.5618854365921837, 0.07176934752659324, -0.0632856209413753, -0.16524078636254214, -0.36906570044469006, 0.004139489393478464, 0.19728868692224372, -0.09697455423760751, -0.205710054687936, 0.006216400408235516, -0.3548045135402323, -0.508631258388211, 0.6276766644409385, 0.09859793608818139, -0.7630994511608674, 0.3745945019447647, 0.1835557657085681, 0.07506693802240735, -0.5770845226984684, -0.9936889226907956, -0.8217107024134648, -0.9485324250188092, -0.7612991449346174, 0.1829057076428914, -0.6697459596593619, -0.644600393423506, -0.4116368787414198, -0.0025401541988692425, 0.7807081417251618, -0.031758680118270426, -0.8723492594061507, -0.035289299371362756, 0.31729443106114646, 0.12672983033574844, 0.801023819295875, -0.2855533294061238, 0.14898565442496794, 0.11760779964095026, -0.33708732474337105, 0.36469473152214116, 0.044340852668433614, 0.09990789615826264, -0.514920847279421, -0.566190544547857, -0.5183770198887413, -0.632899510711354, -0.5217395931714937, 0.09785631947287027, -0.384755661987122, -0.33447997678430863, -0.33153907401482874, -0.07125113284741465, 0.5614197295607124, 0.024439286545403602, -0.35018754552109865, -0.1552228615768673, 0.0801272353537575, 0.21331018420473324, 0.2629079824594352]
parameter:2
dims:['1', '24']
name:intercepts
values:[-0.29683029966451563, -0.21143536274601543, 0.08813166904224981, -0.1830434664929564, 0.05104622200971131, -0.11095427788289633, 0.13253699327142593, 0.09800894278859697, -0.07508271326101608, -0.2362784281744888, -0.11146420084525742, -0.10369305047839845, 0.2269216685011746, 0.1727058858248753, -0.0055958353392466294, -0.2579018968628766, -0.12468866371922513, 0.027772735682255034, -0.09255602234882146, -0.17680728395517156, -0.2794182154649993, 0.044024158196677064, 0.10426726080612618, 0.12865507571447407]
parameter:3
dims:['24', '4']
name:coefficient
values:[0.10665907420274291, 0.15077445957631785, -0.43107654784352567, -0.7475851195754415, 0.17298288713894738, -0.6616676289419453, 0.4572386830910464, -0.5848600159756062, 0.06069786453268433, -0.41337259418234756, -0.18626254938289188, -0.6998276513476599, -0.11934122551723461, 0.38454886271463584, -0.5823912907863596, -0.6770706442234713, -0.9371568195205427, -0.8987001468091341, 0.3554969350535651, -0.6250326285552059, 0.1674592769721343, -0.31861740824404233, -0.3525057873163989, -0.6585698013913353, -0.021823032677744783, -0.2976060212217747, -0.20203096129675446, -0.6214705845734592, 0.4468612631373093, -0.1707352766283158, -1.2939816838194467, 0.7936584626772955, -1.1993572428582224, 0.982094242312688, -0.24261487115747946, -1.1621194537818775, -0.6237176517704313, 0.46486023136944143, -0.12182803816054051, -0.966544636401995, -0.9811780662186089, 0.7904938985448917, -0.20361072577230938, -0.8519600998442144, -0.0025079776432379995, 0.714735908081436, -2.239643866918158, 0.8899844080644328, -0.08125702767033763, -0.35360952864686074, -0.22039386217121865, -0.542790424531796, 0.3995836663327962, 0.25397988657057763, -1.2151378917724536, 0.46106425663123785, -0.11836842213789185, 0.10470102585461692, -0.5292491564600346, -0.45139839556726624, 0.0022878011147002214, -0.009784879189141291, -0.3753718165967816, -0.7317836131132787, -0.3804971495105211, -0.1776709801604393, 0.13164075151761034, -0.08126774474345094, 0.6890647579439696, -0.757271438329351, 0.11320566304823307, 0.1070989894895782, -0.024148711676716936, -0.017071000204612646, -0.12686227415317872, -0.7174832255583496, -0.5133564494397638, 0.4966911698662292, -0.7007794266322935, -0.5230794226081681, 0.019211414644345233, -0.14085625486398254, 0.1480655838678539, 0.06746872934450915, 0.3612012173839834, -0.3190011150823842, 0.18413575155121154, -0.6198169347869606, -0.281632418408022, -0.34855506449991946, -0.2753933430916553, -0.6827508872494907, 0.6010822650766057, -0.9232580111667009, 0.009541446778487292, 0.14883044726649328]
parameter:3
dims:['1', '4']
name:intercepts
values:[0.17966115342011074, 0.011722283563397802, -0.12934935097752284, -0.2581625002980276]
