num_layers:5
parameter:0
dims:['6', '24']
name:coefficient
values:[-0.34464855922055526, -0.37684188694085147, -0.13872750187941107, 0.11478936862705713, 0.37835932862448485, 0.4267977921298514, -0.11530838095636334, -0.4250440611970127, 0.2552109082578433, 0.5342596131057397, -0.4337077815024622, 0.2525479516004952, -0.5607445481522036, 0.6220889589555543, -0.12825452468032345, -0.4809450322625447, -0.01689584592300131, 0.7124940241152288, 0.5140731174096084, -0.644494741473559, 0.539916043774982, -0.27331857122401615, -0.20798986164597408, -0.2645850401795826, -0.5218209187315102, -0.5294441753358503, -0.20089315403817537, 0.47965389036806505, 0.44808443177771046, 0.4606513906739549, -0.2682584036966629, -0.41661406991841377, 0.09680213343103913, 0.3284647613957041, -0.07305630015159341, 0.1375220097748939, -0.46726495794301903, 0.3214761227759277, -0.13050174721106333, -0.5042692142022912, -0.3605607329858399, 0.3892448781691777, 0.3763207333390545, -0.30878021536146905, 0.4277240354593135, -0.5355911107612485, -0.059548155739014674, -0.5522844292173689, -0.008326458670633662, -0.08952666536089503, 0.2141110407727456, 0.8581508488797831, 0.6088574519677639, -0.47713855537402206, -0.05111320639661469, 0.09596901832467976, 0.11988280505887752, 0.4045823537841904, 0.6052686122499782, -0.6447206203649585, 0.7378602559671282, 0.11427327041959297, 0.4833665133571586, -0.10362212115249547, -0.16537351774904657, 0.13246830020670342, 0.7172066802428088, 0.039021524305322734, -0.24898580521804486, 0.35864000342962427, -0.19763219207484084, -0.232303765781185, -0.10441213864743913, -0.17092183633847602, -0.04694017970330059, 0.515806021876112, 0.09690615080832322, -0.3198153259026818, -0.10746647493397753, -0.3301241296650944, 0.3509099002604498, 0.8789913218626152, 1.0308643962622566, 0.19040691265226226, 0.57455947178633, 0.08890746325594304, 0.4174372198564835, -0.11494081729766785, -0.4714600594889627, -0.018450143929538664, 0.32761081229361305, -0.2871714424158395, -0.7101671343765729, 0.37243315969351876, -0.11036477290358847, -0.5155350243261374, -0.6155026005257103, 0.5699415692023224, -0.8912747848222428, -0.45233280980060975, -0.267149776754997, 0.5243997943119355, 0.5072681937651641, -0.5582832697788588, -0.2701763176863825, -0.013474924236244853, 0.013160981726428104, 0.7520377460625685, -0.1944641052914557, -0.5595087367350692, -0.24167165681175845, 0.24001792637950428, 0.30472891385542844, -0.118250540928162, 0.6226438620019883, -0.6434857354665929, -0.40983672222692774, -0.48878744022630394, 0.516290841848258, 0.5334395189788209, 0.39722336479098036, -0.55139873688602, -0.45508563160752635, 0.020283594952597975, 0.033548277945063536, -0.5080194309384709, -1.22498350339407, 0.3738359126583165, 0.6098266089347555, 0.6257804486327404, -0.2419776781094137, 0.4401583502873861, 0.7063461080562469, 0.5227950161084787, 0.7417379549634705, -0.501353738756623, -0.716410734394146, 0.6746444438153612, 0.26576698403854987, 0.4289222309865369, -0.4794651838950744, 0.4565884569800774, -1.1281988623263766, -0.4547273934838363]
parameter:0
dims:['1', '24']
name:intercepts
values:[-0.7587907381578899, -0.20016714453175075, 0.005811606452858613, 0.7118550067275856, 0.5247405115175194, 0.5122017642046126, -0.17521639868757138, -0.48305343080672175, 0.5078318611826729, 0.7272070429634395, -0.04528801785478537, -0.19036118702010926, 0.39080780423546674, -0.3757634408490503, 0.23936791441606303, -0.5496159254733979, -0.21904935781555043, 0.15502574089241344, 0.5651044164857189, -0.2757564030377875, -0.18212128665275637, -0.6862168636366144, 0.013351011111586694, 0.5670779927991302]
parameter:1
dims:['24', '48']
name:coefficient
values:[-0.14270478466140643, 0.11171335687630886, 0.2625998763603888, 0.13784483309076279, 0.24409808365738392, 0.18838160906075999, 0.31138731757142596, -0.26192394819940806, -0.057545968870542155, -0.18833723336523567, -0.4381462368095987, 0.37906364456979014, -0.203738937484625, -0.5171494474533517, 0.11357168176296137, 0.18699890026962795, -0.2713951552283032, 0.2683046910019693, -0.0693592864771673, -0.2590164275446342, 0.21655714991849623, 0.14493472543012134, -0.254297672626537, 0.306269854006434, -0.25530311737306827, 0.10387435895423629, -0.342940481250152, -0.20526939306496728, 0.41566843956996247, 0.40063895342424916, -0.1627685733415957, -0.23107069190675375, -0.5742096027864129, -0.2005520315230722, -0.21778554533971664, -0.44833538003808565, 0.1637377812778864, -0.37202738764144516, -0.3365174706355508, -0.3391954923170936, -0.35450908207083354, -0.502951171353114, -0.07433032969385407, -0.058157183181205684, -0.18955903567743038, 0.24650067204780823, 0.28970905637402555, 0.293112520615128, 0.08657636081374549, -0.09539293715125813, -0.17237726580336732, -0.19203055107724298, -0.27414340929181596, -0.20234448039976902, -0.6090121483829434, -0.2163476852335542, -0.15655658151092713, -0.2045527335348933, -0.4058749217626022, -0.21075947840683504, -0.3178804839933215, -0.4860922566037334, -0.18069363080514247, -0.15409596258684993, 0.0457268963057413, -0.1690381679949223, -0.26157068751193774, 0.11092487600371082, -0.03703787678550383, -0.1689979285509283, -0.29041575278943604, -0.13751734642526123, 0.25113682436999124, -0.0913362049166685, 0.13055909814549668, 0.0863945101704551, -0.27658506092883267, -0.13252880139763626, 0.010607097080879915, 0.16174500256161536, 0.04042932863266311, -0.07433207024947722, 0.23871233528932467, 0.11500875404094907, -0.2562486447464083, 0.2096929952977929, 0.13715031382538037, 0.1180203084462403, 0.07924340986608826, 0.2726980168178927, -0.3708830475262219, -0.3746965566927998, -0.06460630420711612, -0.08277065274792013, -0.20122001579463797, -0.17678950988370634, -0.03279112292498749, 0.22615299001251907, 0.24059424099776855, -0.018590412359405235, 0.4682843848685624, 0.3185505555802442, -0.154060822981434, -0.47988645990476964, -0.23444762065623112, -0.12357553007306027, -0.6661944859059921, 0.45203157679073896, -0.20004474375743106, -0.7482728122646374, -0.004869931299127033, 0.4906358780642374, -0.31146051250513884, 0.4469020893201754, -0.341868530211746, -0.565076629437188, 0.37375013524906847, 0.3197422716001285, -0.510266301868591, 0.3547342683368103, -0.6951825595303734, 0.27702109679804393, -0.636225940070545, -0.4509342405390686, 0.6055275439389652, 0.5446091885443651, -0.17711306145455272, -0.6324928001980461, -0.7297656289083332, -0.2754671091271168, -0.05340531928288404, -0.16149375532739133, 0.47470521483140415, -0.20612589591857222, -0.6210491995669271, -0.5421578624081478, -0.4330832807501067, -0.636508883878259, -0.6165857385485872, -0.7009393187747812, -0.9000611809988063, 0.5999571328389967, 0.3323395927117063, 0.3740104783386882, -0.16259058562128706, 0.18237180987972612, 0.2983486031414806, 0.2537095561243642, 0.1939476625649147, 0.1341740673341389, 0.21190804796206317, -0.15494943893052954, 0.24066763675978653, 0.37325243296062205, 0.2827038285639435, 0.23135332237259676, 0.09501879645690472, 0.27664336790348104, 0.04684898335740583, 0.24293911081197916, -0.14620738228026497, 0.16061441376161262, 0.0613454333019437, -0.4357055621413916, 0.277264803132206, 0.14273687824649836, -0.029577098285271452, 0.3410506847883826, -0.31365130123645213, 0.07264916222180909, -0.35650565018985264, -0.1886904068342631, 0.2742897325848469, 0.464111400963319, -0.057071175292963724, -0.2551286698085916, -0.5121572969697414, -0.3159545092582522, -0.22375372913959324, -0.27329759967996514, 0.22520768672762884, -0.2033263564023224, -0.20928294710647496, -0.1673500060863069, -0.17795203446503113, -0.5764306720269332, 0.0035814900090958336, -0.044012537141038685, -0.2345877058629749, 0.2744517559674626, 0.14982485369201495, 0.17892503943466825, -0.23162796295525304, 0.348437770463309, 0.38768366427246603, 0.27280476068443255, 0.23219565800052483, 0.13727771283341125, 0.1377455031079372, -0.24083070636430773, 0.16754375318864625, 0.26187027973881144, 0.1925668426479128, 0.28964447005115485, 0.16782784798518466, 0.2088149337596892, 0.144419168119777, 0.14137186429954207, -0.2904942607170561, 0.26617891625979, 0.04485940447138816, -0.3525960992884627, 0.26555932659883613, 0.25257736178031026, -0.030654353402974018, 0.42631802395134566, -0.302548188064079, 0.21563020182847384, -0.4114132780219949, -0.272790759282171, 0.29552117777983783, 0.3789250548747494, -0.1584582204351999, -0.3980086940647013, -0.43731102322586607, -0.410476335823607, -0.32229490545432576, -0.3874186499930528, 0.24233306820514425, -0.3582135057338382, -0.16234377531260208, -0.38839642723280005, -0.4808135401113104, -0.49262420619238795, 0.04222438294371647, 0.014189188984232893, -0.28218769492312423, 0.416041361103106, 0.28358880301621264, 0.2711504586885554, 0.07954398947723218, -0.1802750984453113, -0.2930506335918334, -0.16987603207163005, -0.3323413513036332, -0.19730435480636535, -0.16910584487961014, 0.1223360315991742, 0.33521357233642407, 0.3037638857261056, 0.04669699876931619, -0.2778461700273061, -0.1828319522736355, 0.010664477189878679, -0.3497841068420644, -0.2870493344854861, 0.27198279690078025, -0.46914734061451835, 0.06348855867014379, 0.30157740203141475, -0.13034794186017318, -0.1688607357290182, -0.0008232373854720073, -0.05213288722947014, 0.1256988337864682, -0.11719646402831105, 0.47858074335869094, 0.131139942931009, -0.3883943597598668, -0.40142242645609627, 0.25504205822518977, 0.3393902573963983, 0.5026174315106257, 0.2173247738587003, 0.29896938106181575, 0.324983468935027, -0.35166579989935254, 0.3306453582330645, 0.11187724383274501, 0.3041429999999892, 0.2669709343274991, 0.32665031382263066, -0.16132255776497623, 0.027132833997146305, 0.17025566791220337, -0.2564098047934684, -0.31382213955604743, -0.336257403024611, -0.4943297247888072, -0.18815745229822706, -0.07831128866505145, -0.5248868577606691, 0.06504124788595439, 0.019751679487964854, -1.3163494006855208, -0.7764669120030506, -0.8226963455631996, -1.0208592990894911, -1.4082326017446196, -0.21519413326272366, -0.725623082665559, -1.4559021804232732, -0.28305171702166554, -0.04678324280531513, -0.3112325495093812, 0.017039421161260882, -0.8892074279222603, 0.22367960303602122, -0.1458463924958943, -0.1667496181273882, -1.0134553191491582, -0.3110861995782989, 0.11579959650213412, -0.2498012173147329, 0.167535670960761, -0.027407705827609152, -0.06108745710866248, -0.33491552086824083, -0.6256015142086266, -0.15197686790845988, 0.2357418036079404, -0.64178578396429, -0.20830298353481327, -0.15109384117358415, 0.03543981739083821, -0.12474138125807928, -0.20390067794251052, -0.34616021725260243, -0.10406481528175478, 0.3774884166411852, -0.9959079496290788, -1.1518353312785476, -0.41590326479545947, -0.043210091268216684, -0.09776675389884681, -0.012467891618471307, -0.09958949156610343, 0.019155284996143968, 0.26283496171740484, 0.012913232010960927, 0.12288163720109974, 0.3349142493021288, 0.30250971229498436, -0.24405630390317593, -0.030522514891375814, -0.19770682699194758, -0.5046482940127159, 0.37093935989316934, -0.21496521784282754, -0.6083511116378055, 0.08810748933606419, 0.21908907963128135, -0.19834143361375955, 0.21099048278713864, -0.017260173343068376, -0.29783049161172703, 0.1609718827895672, 0.02442421142597236, -0.21588285181949438, 0.24375942960463534, -0.18192757685783956, 0.1110599763874835, -0.42828710277303883, -0.19394196111746922, 0.28302711869865244, 0.18193440541322242, -0.149926659848804, -0.09705322139563469, -0.420383769800988, -0.2858707457865743, -0.22045407410857193, -0.3824792518415469, 0.18529377706348824, -0.2562352377567197, -0.2977817739821928, -0.20489616112804282, -0.3981971088926757, -0.4526573638340163, -0.09405700775439596, -0.21480317462858084, -0.24815557084085757, 0.22439162834602794, 0.1840486433380648, 0.10585709628623646, -0.1305069722225709, -0.3852435139022428, -0.21998790612909538, -0.2599042045211051, -0.29645070589893047, -0.5527698624179542, 0.08459560545110595, -0.00034697572062289796, -0.25958381629636745, -0.3316550783182762, -0.013946353512395985, -0.42264303518947005, -0.19010053676577093, -0.07044212540070223, -0.18661133729909207, -0.26822201789166744, 0.082672265548578, -0.4373014313323196, -0.09955540843087607, 0.3125175538918126, -0.4937429197316217, -0.2965779139246683, 0.04570116428767312, -0.24063223367503256, 0.47197067520652836, -0.220035435299286, 0.33760059530535425, 0.2803239364867233, -0.46760052724848866, -0.3378415722228554, -0.22651268800242252, 0.28643467777168474, 0.30624767233975503, -0.10677170631653575, 0.06022919275315997, 0.3616461640211611, -0.36177756319173576, 0.2850225586558654, 0.3126739225898538, 0.2097967756493034, 0.2877043028381209, 0.2926904899462551, 0.006716293219675762, 0.07426126313619683, 0.3301067904978148, -0.3425412457886403, -0.3864345763933263, -0.42163799432977017, 0.12613306421532217, -0.08450886361864529, -0.4308134165544988, -0.2229064467545953, -0.532811119855782, -0.5679888131724551, 0.13132422288340692, 0.2036661769274069, 0.06724332031001763, 0.1873892481480629, 0.07592650916062131, -0.22426113320012, -0.09169231381052301, 0.0990593799039242, -0.228410180858496, -0.3190354635829717, 0.2991822115087672, -0.470438701056205, 0.11076759580502799, 0.22899417202805566, -0.4860903634908873, -0.3438112186143008, 0.1487521256517065, -0.1962766023832976, 0.40933383988350464, -0.31283696479349077, 0.3799204613069346, 0.29426459981451614, -0.4137234643512742, -0.39417361360214437, 0.003800667831130834, 0.44754663992472643, 0.20019955980534562, 0.16586294777262828, 0.1632325058500654, 0.40242107616778133, -0.4115931287864386, 0.1870438063003526, 0.3811074284504755, 0.3866599815757825, 0.4044684831011387, 0.24781055735503515, -0.026968024133736106, 0.1028927531419624, 0.41042583545910494, -0.3756891116515632, -0.35153791173272664, -0.4595928830769566, 0.7442223215732058, -0.7389455324949082, -1.3480798375952916, -0.6254584038649358, -1.2870401577793167, -0.9385877525049974, -0.0343900688882096, 0.5603569929002256, 0.29106977638912906, -0.04703682953873548, -0.1061136052362532, -0.5280354433646971, -0.5948080895558577, -0.10639014869590553, -0.6422689294430672, -0.8696824663050964, 0.7652465613668937, -1.0559767641655267, 0.1135524106770184, 0.42098827756702956, -0.937080231344102, -0.6551241251454216, 0.206852756574978, -0.7067148170773359, 0.9682386048141454, -0.6211715939656964, 0.5674186090154413, 0.9883923458489224, -0.7324113687915129, -0.5635288272655619, 0.2753016983401282, 0.975620682249785, 0.40106320710755794, 0.9197381870310668, 0.7741792694445123, 1.2875240516719115, -1.054190467405946, 1.158461368101232, 1.0914560231119699, 1.0641868289425467, 1.5539483457769856, 0.3891212672849955, 0.038133960092635866, 0.17189047914469202, 0.8275920712788578, -0.8399854472563948, -1.3133531572523087, -0.9452504731295477, 0.025210527064590704, -0.18165361085607443, -0.2108982703074849, -0.0688144312746987, -0.24326774095041423, -0.5169962062951715, 0.23294225493038723, 0.04840155932952626, 0.21420227029928748, 0.24646052531439158, 0.3503603401585707, -0.41442392498632524, 0.24804812063274148, 0.3502876371227983, 0.019796707326843944, -0.509851909864186, 0.01634674374636775, -0.2063672595060583, 0.2620119862321763, 0.34552824932440146, -0.4138604469464562, -0.25312813925663546, 0.23486583105435116, -0.2399342899440615, 0.32179603899785114, -0.26844721151081785, 0.3686302146556014, 0.30342723222092627, -0.5089407464426728, -0.39655976522472897, 0.15902755291334825, 0.45173028813390664, 0.31817575226185446, 0.0715819777180348, 0.2381893022993056, 0.20920351886184937, -0.346529268934177, 0.15661550869455143, 0.17219922671041188, 0.21024221793774542, 0.26928853028611227, 0.5897542744071683, 0.49186174495990487, 0.376013351541562, 0.5164190497181017, -0.5105441798487239, -0.1492753527719201, -0.46367295423924326, -0.08517364603853955, -0.44932188635381387, -0.3866658150178789, -0.42251475004765965, -0.5049140278007831, -0.3965557368866752, -0.007166088818806198, 0.1946827460112046, -0.5934861915761224, -0.7696609408450914, -0.1826887958785704, -0.38418842255155516, -0.27906217875804856, -0.215584069807909, -0.40886896842324627, -0.5062139316801306, 0.07397141186549107, -0.32429824172600547, -0.2151539080773732, 0.4489637123812868, -0.5347112156866136, -0.41307683927723676, -0.10167544951328342, -0.6030980169975356, 0.3170871839196453, -0.4257308876389184, 0.4783263223256872, 0.4444986419528858, -0.37691837555680757, -0.5816259713986899, -0.17782664340426635, 0.3178234587129172, 0.598060546477189, 0.041450473863737326, 0.14659293977840243, 0.24766781557489406, -0.4645643961818304, 0.22609777161498892, 0.3216732766492696, 0.41519084422598046, 0.527287922677989, 0.48134850144782604, -0.11432763101599441, 0.05766433698154655, 0.4513885550890013, -0.49033650586521493, -0.4139500658658678, -0.5507844238897136, -0.07230553636674886, 0.35536439512335577, 0.37363202023656783, 0.5070340970174954, 0.2419587119709909, 0.4184280799837115, 0.9196946590002076, 0.014163250343031454, 0.3551383772011551, 0.7062936187432425, 0.6927888366331049, 0.5383259843320324, 0.3763058903932265, 0.8275453817159412, 0.3189628203689153, 0.21652060990249036, -0.2592724737706229, 0.1939285111730284, 0.31912867027202274, -0.41607717839158004, 0.3845101984702946, 0.2792159365322364, 0.33778644379818284, 0.4329074335111455, -0.12420978626507918, 0.26173481046485747, -0.4772043674065947, -0.3088699984307936, 0.327897623636746, 0.5210539821605966, 0.05911432455802326, -0.24634336530264422, -0.5329663402103195, -0.010062361028912524, -0.36219009527794055, -0.298442709247319, 0.32057872169850765, -0.4711692248039507, -0.06070036860957891, -0.16391092545609656, -0.42963508638688536, -0.579286202882351, 0.5224027879316981, 0.3068439457840907, -0.027941709878234886, 0.32973754491667945, 0.40363839853209715, 0.35823115994249516, -0.13723294542358297, -0.4642947011539434, -0.3499526076677863, -0.3331156649706767, -0.46027773005317113, -0.4234770281906741, -0.0034944682089689217, 0.06702349447415319, -0.5731464708869289, -0.6249215225374424, -0.19786760992732944, -0.503059321320809, -0.1870865377495606, -0.2381515451024252, -0.3512687144277618, -0.46352761878679066, 0.10329616782750581, -0.4389182178327756, -0.23681040617328852, 0.39724932348808695, -0.5156976030460313, -0.31041160563652975, -0.14408423333501627, -0.5432433915527853, 0.43681478151024394, -0.37821887243226665, 0.3571120407252253, 0.41012786892438197, -0.36335943580577396, -0.4370875558098908, -0.2183237182118702, 0.47775429185064194, 0.3514974451543754, -0.08768892997951139, 0.10043363956557308, 0.256788320971275, -0.4189288648930534, 0.1601673402478544, 0.1741125074437148, 0.3253392173008696, 0.43897613709504674, 0.4030446492162892, -0.10853144370060037, -0.0364147218289553, 0.2143025315546381, -0.3393928129077789, -0.3761581480328087, -0.5747493849279396, -0.1996064687516315, 0.5481679873382804, 0.9787753113987653, 0.4298345054596315, 0.8548846482559448, 0.7062187785755827, -0.01908313617203395, -0.3945012066090734, 0.14725439867243464, 0.2758136240311174, 0.28445400501636414, 0.46751989403962607, 0.4223440414547024, 0.28882837647425397, 0.46738160365803577, 0.7181951430272967, -0.413907525965499, 0.8664432700920338, -0.03438032806884801, -0.5193738870433138, 0.6192552429087045, 0.5605518566733572, -0.10641969012318331, 0.45388740087753704, -0.7593825953879423, 0.4625289588298429, -0.7454522302128629, -0.7700140909279627, 0.7049747886656391, 0.4862649882467762, -0.07051949456143906, -0.6349976299462676, -0.7781566004872216, -0.41827807864489214, -0.7019964349964749, -0.8036821921819279, 0.801286266399236, -0.8603520278363358, -0.7154107357648171, -0.7521713965656878, -0.934986719099178, -0.6410137271103362, 0.08707614789265374, -0.04444236523203479, -0.5754228400780018, 0.6437813527854801, 0.9235453854325263, 0.7326215283647839, 0.12237608333323895, 0.793430087034313, 0.37820191222842287, 0.6477385087519918, 0.33577408564517414, 0.5086099665180325, 0.0767110259040714, -0.1291154294907551, 1.0233841679603568, 1.5766050627024877, 0.3917851270607926, 0.5958143642088475, 0.206309592331576, 0.19629676496675322, 0.46134226892811137, 0.4834469798909348, -0.0947847681156411, 0.3735391222405932, 0.2711368296402578, -0.5856770300899865, 0.34936011403679224, 0.6223490830555407, -0.05379091397753871, 0.7677326684351569, -0.43796779226268706, 0.5681865647287988, -0.5118315234160948, -0.4515012685028599, 0.39932329033401875, 0.554646579475196, 0.1935055700384649, -0.3913303929869885, -0.6601647812892778, -0.035292604822864775, -0.08665604913435009, -0.26056595000452726, 0.5586951831868628, -0.11694983878504729, -0.27079013567716903, -0.23065327337439023, -0.2541099225400038, -0.4898351184720741, 0.07558189084399691, -0.10323361323410082, -0.26275000433887163, 0.7537521755847728, 0.4666478979963009, 0.4910103901269874, 0.03346208170835179, -0.376392564044211, -0.4956163252555544, -0.31968495256511553, -0.382648941688829, -0.4115282979254162, 0.006163551242392198, -0.020003474641798163, -0.05791292526670266, -0.016762012064354112, -0.22588186043001246, -0.28133418369619245, -0.195995574972152, -0.17821948528139062, -0.3058039953998234, -0.5053772420349804, 0.2702611708533496, -0.47806780452645636, -0.0457630899778957, 0.2349321651752754, -0.5362366144256532, -0.276119891521163, -0.07435976859942886, -0.3294128031970264, 0.5355421104191618, -0.25943563215592846, 0.3108108433858462, 0.468851900938538, -0.519883961437619, -0.2656597455843357, -0.13800663890004775, 0.5555717834855983, 0.280084923864, 0.17076600466759062, 0.2676824077765005, 0.4410436605228597, -0.3596309432193208, 0.20049251835757936, 0.13689162863310525, 0.20665651801724555, 0.34664031797168793, 0.4315649909963719, -0.1266335068324443, -0.10950909526849666, 0.34547611230284164, -0.3689593443068074, -0.39315320743232357, -0.4741289585015755, -1.3299165458254878, 0.7461405825632832, 1.0811890350712097, 0.8977924855913074, 1.099782821634982, 0.9445866610668849, -0.02283816774737533, -0.4882468344413071, -0.39576744208667747, -0.008951076045755598, 0.26619567343211764, 0.847514388651186, 0.7322502509715142, 0.3829265605034422, 0.7393740245204579, 0.9599725385460736, -0.9782684110538045, 1.04008212006106, -0.1274999090513093, -0.7385886319818376, 0.8157004634162729, 0.5977039896655192, -0.1617389501458668, 0.9428075149131899, -0.9377421695594365, 0.6329211712315448, -0.9125859073781672, -0.7858204729997726, 0.780027873574906, 0.9170117261913965, -0.6368103239201377, -0.9894391594850606, -0.6365273473534984, -0.7788561474627557, -1.0331073264001094, -1.2271056835443013, 0.7843650842506943, -0.9105360010470192, -0.8140760299308463, -0.631352168670187, -0.9537700197671557, -0.8053676282176278, 0.06340368608735493, -0.01857429285981229, -0.5611134613326185, 0.6226801989954529, 0.9088036893872748, 1.0222730431331428, -0.06128384697377135, 0.08959086353651222, 0.2853224406411963, 0.16102843187835836, 0.3363910773083357, 0.23445698104415436, 0.28111038883189954, -0.14002556721538886, -0.09201496861982199, -0.1925664039482675, -0.4963044263220032, 0.46875274611661677, -0.15797219812778787, -0.563743279826395, 0.2191712559148071, 0.16184976382944935, -0.3879642195323794, 0.25123258968848333, 0.008924584719569237, -0.5087088041536683, 0.292318980771188, 0.04122257747964547, -0.27143045033071, 0.13929586132455313, -0.2984506237271114, 0.16277968719118396, -0.31675373558523834, -0.4196922029752343, 0.4169669923505877, 0.39812717613892507, -0.16104607906320198, -0.43088064589339303, -0.5605730008042241, -0.19064672048647446, -0.2981447535040057, -0.3468105272816573, 0.23392027737481053, -0.5502537084390157, -0.3187361580609738, -0.26263871613807255, -0.38958272257359267, -0.4506214015293128, -0.17870047983816462, -0.19618734239017122, -0.4169857594694615, 0.2680694481013213, 0.37323605660529374, 0.2906931851344813, 0.7900404293959633, -0.3170711634990744, -0.6612164844298802, -0.4053943148173269, -0.6653788960042996, -0.43118942307653896, 0.08976982538369437, 0.3385594497412775, 0.5095008431711003, 0.5419758302521924, -0.16453060395625194, -0.2438368675266811, -0.444248193083397, -0.25569505668693204, -0.4680932391212536, -0.3741647431373969, 0.6793389687537362, -0.6839966844037297, 0.1612888510806327, 0.1810156360205586, -0.35319120083111244, -0.27035319301262, 0.021129337284233204, -0.20948358408996115, 0.5353721672951621, -0.27402058843041477, 0.2851151726494605, 0.5201293624366347, -0.19750297521939422, -0.17680764807291732, 0.4258342282006071, 0.4489860309585362, 0.011985579705632727, 0.5982795968243841, 0.6522382285521533, 0.6725723452652586, -0.47898023814936946, 0.7141248762884711, 0.4430891639086177, 0.4248341691688628, 0.6101537489310275, 0.22951786337299565, -0.39100327450835537, -0.2189126074785047, 0.34895850869308714, -0.19905782735192018, -0.5976810004248547, -0.36267767479104285, -0.28033607388173726, 0.04950282234576987, 0.4826333503942592, 0.14703407210443978, 0.3405293177290621, 0.24548460568130764, 0.46583436995667143, -0.2598798330242327, -0.3285092901344764, -0.5655986578377836, -0.2577314581733211, 0.36898737517696023, 0.23689539611143748, -0.13627746824323017, 0.32369618719975546, 0.14481134962874032, -0.1711261637251033, 0.25978985129966353, -0.10790522676438902, -0.3916535968900164, 0.24289945289237996, 0.02545701767207516, -0.1323023051878438, 0.26157257174295934, -0.2578973353188122, 0.10882080619485117, -0.4680165744504603, -0.37503164113184123, 0.20069274429840145, 0.2435649655877457, -0.32946124248134545, -0.2571729139440933, -0.5226377660648773, -0.23892480826350448, -0.291783012340337, -0.4842596016747048, 0.2787742588112958, -0.49978685502245995, -0.21494386541278676, -0.2423185785786101, -0.3257585224394203, -0.6645037292782542, 0.18713082455156055, -0.0476318546839914, -0.1100090973818187, 0.15921259241820362, 0.35141716560040814, 0.2575514494330521, -0.3231244796923445, -0.255549294782415, -0.1908303002916643, -0.4724619333600178, -0.1462040373230405, -0.15831732892847208, -1.2345675461223318, -0.5586027674971965, -0.6311138980806089, -0.767379963775948, -1.2050472874963498, -0.36591455992561905, -0.7081285526865538, -1.2562953075223646, -0.3808211454949716, -0.16537450780665813, -0.2413293027522073, -0.2238838683976458, -0.8077472825093789, 0.29872064423519956, -0.09857485188881165, -0.1632632691667264, -0.8868379068337577, -0.3222859590925669, 0.09555278651125287, -0.17488030101011276, 0.24725008476363322, 0.10861484160330875, -0.2262900975288828, -0.34578900881721514, -0.48198181842015425, 0.035604620488910714, 0.3626726132017261, -0.41756608144357815, -0.1033692804910366, 0.13240114069069872, -0.08999942898731285, 0.1303507999836305, -0.1255740376951119, -0.25848535163749775, -0.024318393114048795, 0.4611543865244734, -0.9346762014821203, -0.9878728943838341, -0.2388910943471005, -0.24656660805582345, -0.12622867732565057, -0.11568149396657298, 0.07938010098160242, -0.0765358289849441, -0.10904263558266472, -0.037778169764343186, -0.13348370614235294, -0.23400987209906085, -0.34809547584996237, -0.10540675585555988, 0.09120963402545999, 0.08793158463704094, -0.1823075421070523, -0.2456752932033428, -0.15465844544968013, -0.2776791057351956, -0.023267743073943657, -0.16082563624153, 0.10162389631977388, -0.14332504441931607, -0.04802931417863311, 0.15936661379980072, -0.1574600271030396, -0.12614165335570143, -0.2622654469892853, -0.0630452012962065, 0.29068350471113946, -0.03290769801662299, 0.3437450205436333, 0.07364218749793347, -0.3347652122442502, -0.15743641960927496, 0.07772698023750732, 0.28359399049758205, 0.0647002393857712, -0.0057756258265345885, 0.16926838193211274, 0.18313112676932294, -0.07368972567660657, 0.2107841744304, 0.17635073410595048, 0.16292779147083336, 0.06944946931477425, 0.28401626672792135, -0.22414706202298706, -0.35289873736475685, 0.14599826716636413, -0.19910990750246946, -0.05854275997900958, -0.2669378679620723]
parameter:1
dims:['1', '48']
name:intercepts
values:[0.04864034777413013, 0.12450784046191882, 0.06284125864691012, 0.21828365962593757, 0.243452140958125, 0.1978392408040369, 0.21918908537927012, -0.23094844611336823, 0.24927846054234185, 0.18195930899738236, 0.17418274986143642, 0.3010132926017741, -0.008909682688208085, 0.1824970520656625, 0.19414883955483309, -0.07201577274352976, -0.07736995697197652, 0.2340056310474819, -0.06083064738523392, -0.44471646201774756, 0.14760813802558864, -0.08994773848049896, 0.10935104174224276, 0.09108667566975825, -0.09091872898065712, -0.0858933528054745, -0.10626687963252518, -0.3534411975078199, 0.247721259190862, 0.24751161553722195, 0.0499274240828651, -0.007446042613224095, -0.20451672591021827, -0.030881368332509054, -0.1610074167993281, -0.25373469072373905, 0.15014921021535832, -0.09179180165970147, -0.09308318158924733, -0.2262404194097839, -0.24786967739206364, -0.3585866431556749, -0.0024174349820364604, -0.1001257728350151, -0.21604613439410097, 0.06626978729706343, 0.18114108047509647, 0.10652681534371196]
parameter:2
dims:['48', '24']
name:coefficient
values:[-0.18361611778258663, 0.19181617768056794, -0.07614511359082812, -0.2212340676949789, -0.5437229049050041, 0.025887138224911933, -0.17390441422297828, -0.34851226025663845, 0.06090313434950895, 0.13337716129670335, -0.0808513732480714, -0.5571429502932643, 0.050018557766974864, -0.14807715952304684, 0.21536437174750384, 0.06585392485260261, -0.06429501760834326, 0.2662560171947714, 0.22407183852678342, -0.5025358969658519, -0.011083057912595003, -0.4443734489552423, 0.03703542925988852, 0.22639693690434204, 0.31835652866484293, -0.3155577242769151, -0.14023900124938135, -1.053015318821816, 0.3118620436196352, -0.14477613838688963, -0.34163636755974147, 0.03623877968689777, 0.23022588122070078, 0.11424822739204628, -0.5964669201906008, 0.04191883549950122, -0.04139216573762581, -0.04651083210801329, -0.131601702372081, 0.026600279973617667, -0.22250075215041598, 0.43696013206254175, 0.5256634236825429, -0.18663025128643138, 0.12472726891865815, 0.15816277115112123, 0.23450319005319922, 0.5510369440235545, 0.36857435043877573, -0.20615991471528827, -0.19381871925600533, -0.790033452338425, 0.7387469857952468, -0.12193248424191373, -0.12607813797356263, 0.1109698909701157, 0.17569620647712067, 0.0831554180678079, -0.5453955196613315, 0.6568039926961186, 0.052781306889447065, 0.13161091627944815, -0.5146579309825106, 0.08777362776174469, -0.63735267772392, 0.4073330108957128, 0.4800185996713663, 0.012615768050493017, 0.12265237201194337, 0.6903442752133864, 0.35550541424835147, 0.4977511109018954, 0.2349168419301702, -0.020077912617081466, -0.149359045163638, -0.7331596642656418, 0.3416076772138928, -0.09652616222733358, -0.13157191111464436, 0.14307060305152466, 0.1310816647543518, 0.1498289522617661, -0.6436570471734051, 0.12761239328691182, 0.07321864067537869, 0.14430741638582542, 0.015157439570520443, 0.09424650554697832, 0.021903706394746085, 0.47476731381027154, 0.5272084078910325, -0.1342855862467283, 0.22103719666769403, 0.3165180926373525, 0.41114045188768894, 0.5726154634250786, 0.39190503754582845, -0.3576691553257623, -0.260535103476057, -0.7518181508496207, 0.5365238389347422, -0.20569774715987077, -0.08280124879684875, 0.035014010577807106, 0.049155146868221776, 0.09659349322572972, -0.27464340547861843, 1.0851497669193184, -0.0054723049264369505, 0.04211959870239875, -0.6216744892303552, 0.1210928585090325, -0.7271440739083425, 0.30861697941135613, 0.33503666684972827, 0.03334884989418138, 0.09347599503246899, 0.8064871046587655, 0.3383457367979952, 0.44716753803859094, 0.5047760115488609, -0.4572530129726036, -0.30333234313939134, -0.6647417316865956, 0.45695961639913174, -0.01341531423097291, -0.051106274730769986, -0.007469255997835678, 0.05986371158857526, 0.011842565429643813, -0.3466045678104812, 0.30079775293421873, 0.020820210259640523, 0.18148052230900844, -0.4736293367737897, 0.07035958760485352, -0.36639296035183966, 0.35518646832773215, 0.3588378509001968, 0.08713861792943126, 0.10135317075758267, 0.399689553770778, 0.34667302024248275, 0.34498057480440314, 0.050748442615410984, 0.2015017477064264, -0.05790846934549795, -0.25640798993663755, 0.2768326855322601, -0.1687533378290615, -0.262542628252965, 0.0507806666760401, 0.4165757911083146, 0.24929017356113936, -0.5694979387388971, 0.023960079417737975, 0.400956315928427, 0.22024281887994157, 0.36022248125126816, 0.31396839439838053, -0.011146296421562313, 0.5246828034138515, 0.5317606461681147, -0.4011924345439965, 0.39863973502591277, 0.07171096017645924, 0.46248131336534243, 0.5911726317556744, -0.2973320998505183, 0.3108658646342833, 0.13881225077225867, 0.1403861783626272, -0.06916193533763441, -0.03649872320592017, -0.15607600146334122, 0.2123161492597743, 0.16580853212848837, 0.050490016397356396, -0.16505281561188162, -0.2902459392041905, 0.13998885456598587, 0.20815882254807513, 0.20324591058753697, 0.15141178601955488, 0.19806042903594198, 0.08721487243145987, 0.2856406619349293, -0.18371426490659393, 0.21046082575304254, -0.20186148361213233, 0.06753174185431239, 0.2515853461594475, -0.04198068390943247, 0.04635596544030922, -0.2357322548569191, -0.7906897745643943, -0.060414699698149436, -0.04603525979677644, -0.3614066768553441, -0.17676391479130518, 0.18960534950793215, 0.03956533233368706, -0.5581307693429717, -0.23035941312063668, 0.05357054213103948, -0.12096272441641444, -0.02161851839786023, 0.029082962795764004, 0.046753265478065284, 0.620652890106404, 0.6540654362248006, -0.21872118918885206, 0.30619407201022286, -0.24330172485705376, 0.38886435363919053, 0.6725151659923739, -0.09917119559873702, -0.012930621572193386, -0.1859059549799932, -1.0438199130502672, -0.1729907718181791, -0.03714956382925446, -0.36125396191210657, -0.12910020937749886, 0.31132303825938334, 0.03639994386255198, -0.7099338011760385, -0.030816389827037226, -0.07687645418517239, -0.03165417321909903, -0.043261435075256635, 0.06613234400071473, 0.027593243462347938, 0.8074616490950658, 0.8787055710334284, -0.31831181857242646, 0.4182190538539378, -0.06254936130305819, 0.5141751255725032, 0.8236197635001318, -0.10763816664535227, 0.024263699461134536, -0.011082726383319214, -0.26168500150221913, 0.050938021258486774, -0.21114452345408824, -0.20327139432040492, 0.4603621827272991, 0.6515666581590167, 0.24396526064619223, -0.8157059527714775, 0.144625978837683, 0.1344417484693826, 0.22102888045978178, 0.04437835551247602, 0.13116512651745377, 0.11381039372291667, 0.5459941849803037, 0.7848164758999464, -0.3363173863457222, 0.6635374814435077, 0.07684483126175715, 0.3070526018289855, 0.7666576715165242, 0.3382856142023702, -0.09699421325080651, -0.45809235466036136, -0.8632644872330166, 0.3830097238913827, -0.06525264486148812, -0.17482952270469593, -0.22644123024201462, 0.04958598998568982, 0.09593326480859586, -0.358507378222719, 0.3347457045648609, 0.1108532111943774, 0.08301422477076241, -0.23796174598437322, 0.0715750728434935, -0.28677478111386406, 0.4604230560236679, 0.47503334841611916, -0.09103739918788879, 0.05890403443674276, 0.23079820036751492, 0.2572231594068606, 0.517601795070973, 0.05838225118644737, 0.007558329157309399, 0.23834118526400674, -0.23355052070599525, 0.27745994213446246, -0.12819446066392615, -0.2546063261292136, 0.31886659312700094, 0.4317837663841453, 0.2556117236387678, -0.548914497941346, 0.27313091923050037, 0.15679868615648934, 0.16806689360212354, -0.015782872499488933, 0.21196613892345337, 0.026751724386340003, 0.34187914083467635, 0.37221591315262964, -0.03449045524113341, 0.2997850123960411, 0.28423847012938497, 0.3456182075163971, 0.4084212152742661, 0.11485488340944285, 0.023022514229684266, 0.14164167129572364, -0.19056372176740338, 0.13084916156058016, -0.14331257411645143, -0.2962434626978071, 0.5390860218567021, 0.642856371086081, 0.24667417410557949, -0.8243579338236924, 0.057978657945657416, 0.12295816808002273, 0.3587755536935826, 0.03006256174092561, 0.2401165070706778, 0.16828959236176708, 0.620935741192877, 0.6432647173859224, -0.330242313392129, 0.7488137931440758, 0.08092032416946414, 0.39792094279669205, 0.8322303811933252, 0.09159397337716571, -0.07178869185593398, -0.042269377933740505, -0.5485046958434643, 0.4003113129699546, -0.2792117614531205, -0.22349556835985018, 0.15530387852193334, 0.1131645893237769, 0.025743652148337286, -0.4313286113194071, 0.20963339696919914, 0.27120974401927844, 0.1573588100506113, 0.09033974719535186, 0.1183788839055829, -0.18162606772480386, 0.264346750943297, 0.3562453407233947, -0.2082314544178315, 0.11882556009402279, 0.29850984609670406, 0.29726679842583553, 0.30812267695386714, 0.16882670962928872, -0.4673452867576057, -0.3819538893767217, -0.5786011599378461, 0.4184669063709631, -0.0020737857257187454, -0.10898840535782794, 0.1013643677046816, 0.10349228571746402, 0.19765420967327285, -0.43829798760878375, 0.19613405044640356, 0.011802450975324057, 0.17978899566195136, -0.3307544102092466, -0.027657629240010174, -0.37701518417843843, 0.3521491237074488, 0.3603426836492729, 0.13786819780919166, 0.07696234532141703, 0.30197874811253916, 0.3539026087495962, 0.26293663224048486, -0.356637665500119, 0.2987429092415302, 0.1385608979055623, 0.04460920712185637, -0.6254499216281291, -0.06955946066137386, -0.007121383699685898, -0.18523117550105636, 0.0764260209883351, 0.10379485465819568, 0.10287194554061363, -0.34350822541250564, 0.08979361696189614, -0.020528409159768106, 0.4698182444711523, 0.0848701566038032, 0.011170160096506994, 0.04166846550215067, 0.03698888958160561, -0.08112919682365098, 0.021206167944583427, -0.4730274934508882, 0.03241098789098024, -0.05132943104443954, 0.5331667943390143, -0.5252551377278273, -0.36803838283620693, -0.6272219423142107, 0.6870565647255763, -0.17047098719815415, -0.06500977072296006, 0.07892266718726723, 0.13487507352706904, 0.04500465041894693, -0.4197274187412419, 1.0933344624238444, 0.07277412002722226, 0.11089651845008451, -0.5328963804075159, -0.02980054164434865, -0.6182682852611961, 0.32775588468121764, 0.4357886651148395, 0.15118106285286856, 0.13177352376455134, 0.7411613363560837, 0.38466195535250647, 0.35779410638801734, -0.022319891642764073, 0.11767329067330062, -0.067780617765725, -0.20977945999107606, -0.020717634488518356, -0.18282015005984742, -0.11651645424371425, 0.026122550027559185, 0.2736946892317769, 0.23613162162123266, -0.4634725616475927, 0.07475887509793315, 0.26178782548176033, 0.1266714386987726, 0.14986118687536595, 0.1465160001527728, -0.01945993209747214, 0.44212930476151524, 0.4420632465333417, -0.2833689660920127, 0.2541403647520311, -0.09181529337286626, 0.21830970877745398, 0.45275489472284614, -0.3537833102433093, 0.3137402101866831, 0.4870882296619228, 0.6151815433044258, -0.45873390513839224, -0.2019061466704936, 0.14179295106359008, -0.009672379635178432, -0.2758155463998192, 0.10285148960340361, 0.3902190076537855, -0.25146373839465624, 0.16826657429918168, 0.10975600224449182, 0.5219012751079928, 0.02587755723515634, 0.07976322296114506, -0.38793716768812647, -0.5374398822551393, 0.19826774841425313, -0.3022816198264923, -0.3526848706622568, -0.2602888726488371, -0.43176813359536287, 0.522868509377802, -0.36485675253260447, -0.6012469733344468, -0.7398896511329082, 0.4268790806005843, -0.03967371286453072, -0.09570532467365125, -0.009831495893389903, 0.19103048805526582, 0.14770451245535743, -0.4465486378418654, 0.45826177763251974, -0.03897140832019936, -0.04697537755596361, -0.5450621482909709, 0.041764411164322085, -0.24747768790780064, 0.2889656652826545, 0.37214937477863375, 0.09569205539078487, 0.10259680202623082, 0.1442651192275227, 0.24815204757344067, 0.4194269002707276, 0.24105323284810168, -0.2865654737350486, -0.22686533553036553, -0.6945258396952677, 0.0828758515511034, -0.17933831419511903, -0.13771214353688366, 0.09202519297572126, 0.05455561369292254, 0.1668313891001783, -0.3277174760817705, 0.06029709275934676, 0.09068108377714307, 0.11140470457963533, -0.08517766246747333, 0.0540380310900854, -0.26034915098374123, 0.3178348970226396, 0.3512512657532575, -0.19858277221783904, 0.09331831851375186, 0.16978890151967213, 0.3330947111164241, 0.3467990996554006, 0.09300724215876645, 0.04305054846661058, 0.12042502156697828, -0.1079529002477024, 0.0522366089479646, -0.21136942724781374, -0.1356119394728374, 0.3036031177426596, 0.4171297253029342, 0.11981793735464578, -0.47052592805263094, -0.08071194667377145, 0.14146288018766123, 0.15063014571273628, 0.2906913746282655, 0.18480569211636116, 0.17933754558396117, 0.3438437270251087, 0.43867982912285247, -0.24356487701338933, 0.3470190405984793, 0.031195837479718342, 0.20581843032082198, 0.3326819930283279, 0.2502935459922805, -0.2369635611030886, -0.44970601858827103, -1.2131976119689194, 0.38509730585516627, 0.0003686677673737583, -0.25460736020316277, -0.24606342780012466, 0.16126883911368467, 0.02451636430945384, -0.7013269261405798, 0.1278907518792231, 0.036491735051342844, -0.0017681693978887432, -0.11074118244487594, -0.05990014494958054, -0.111567776062723, 0.6832746283695026, 0.7674046552735262, -0.10828844964899939, 0.1421807396448858, 0.30254630297069857, 0.2851106982195175, 0.6571076541238342, -0.6818171004516442, 0.6800787738494425, 0.5367191565904162, 0.2966134213780501, -0.548612090594329, -0.03008414506563277, 0.16850066544827397, -0.05049982974499704, -0.3196590014227827, 0.12807527143622405, 0.3464630255843143, -0.4888776857920626, 0.05137947073577924, -0.07750951348525251, 0.8523020487235812, 0.06477877622135715, 0.28268958771337177, -0.1370374125751144, -0.2636683792137802, 0.030409783782315854, -0.15789184294156908, -0.4714357079789527, -0.1985747861374118, -0.26176731593503955, 0.050621062669265464, -0.11661616046185361, -0.25888589657195915, -0.666117584481824, 0.11597421325102275, -0.03492755837612318, -0.2750572579155759, -0.022034847319998, 0.11977050562490354, 0.0200170598578358, -0.31249358979550684, 0.14567419226708994, 0.1719400757446295, 0.1495944079951291, -0.1468507321611167, 0.1370644078759709, -0.1099448150208753, 0.44592672227452146, 0.36688019600624183, -0.07374315935404618, 0.12620003664767743, 0.19602820225048992, 0.1688635622232283, 0.2713096108320569, -0.639687314689651, 0.6808082495885972, 0.6255606882515496, 0.6351611017456015, -0.572041427520118, -0.08057043530850119, 0.1653363584613368, -0.10420218213954198, -0.3306810350995854, 0.2300350583953246, 0.3211343437775799, -0.6384010151451783, 0.09428976745642476, 0.05234636140152135, 0.7277907302283919, -0.1487097348188625, 0.354290340705807, -0.5074694497611228, -0.4410709838731787, 0.14971114312566802, -0.3061430127419802, -0.5278497898789425, -0.282155320341778, -0.4657024133565469, -0.39509696198217165, 0.6001387435043684, 0.34223171486916504, 0.5576877790484492, -0.4983731722857502, -0.1020594694685749, 0.1000871178010245, -0.07518713472336506, -0.24574815811414477, 0.11551780441686488, 0.4920467392321965, -0.598768307922897, 0.12385353978789182, 0.07981361428981247, 0.58374473746177, 0.07507098957834968, 0.26998708083947903, -0.26791950694732486, -0.49957747291675614, 0.055558908373932944, -0.24802038034039273, -0.5134146076615246, -0.25739752801355675, -0.3544087628211817, 0.5536248159175998, -0.3981436943324406, -0.6971706287531599, -0.7695649792197227, 0.41010353068289496, 0.0345341538150548, -0.17160667208752237, -0.2874635538626924, 0.05218875404645519, 0.12176860585489496, -0.297857497362588, 0.3804824356566491, 0.018328902334089726, -0.008463910321630066, -0.4844419051263387, 0.009140255629313256, -0.193087498255124, 0.4627123470978538, 0.4597190176060464, 0.08463650265327356, -0.05516920856389393, 0.3249553595612089, 0.34471673235424244, 0.33028597410426036, 0.4702321164001469, -0.46092652693908187, -0.5971661228560556, -1.024201837997585, 0.5180276779332367, -0.007621927699702406, -0.21650869679078763, -0.20195137862160167, 0.14059234161864664, 0.030782324615153813, -0.45199542873375, 0.13633893798088767, 0.047682886583107945, -0.08468734260723797, -0.27671652556124937, 0.09621497278651074, -0.268515387304629, 0.6409614313555189, 0.6671148775835868, 0.001456822952597706, 0.07161563837027986, 0.2829412424028899, 0.4017587773602399, 0.5648954875101684, -0.03406314726558907, -0.10474557593114012, -0.06064911509301963, -0.17587897542577796, -0.1740284829368063, -0.1520959601481938, -0.18410975930701667, 0.0033755505153041637, 0.09425465529258947, 0.06811421540570477, -0.18558733373158995, -0.26849771758351726, 0.06205219534813643, 0.045551427610934905, 0.058680142345085715, 0.08822008944728063, -0.07372557644564613, 0.30566578055885196, 0.3883332580371357, -0.25598278426012155, 0.23033365487060548, -0.2985413046591177, 0.23075632763451123, 0.21492694121637104, -0.4890374145658674, 0.6122439352684881, 0.47355306942645, 0.26239825054939553, -0.4685575465644615, -0.05263981296114133, -0.02110477569094126, -0.022938019055733307, -0.08858680403205384, 0.05460033517317725, 0.2840927900778471, -0.4764628130131753, 0.21668246827710874, -0.04109553202164296, 0.6831502691462052, 0.08690803502536999, 0.3757754008311872, -0.19207120024786087, -0.33468241617142686, -0.19224315243594398, -0.20613694698770293, -0.5258462501623594, -0.28115614315256265, -0.31940607499892365, -0.6117222715254309, 0.5679614859996271, 0.6946215986443779, 0.8510630312797027, -0.67062423479146, -0.1951391080936828, 0.19839835283194465, 0.20636532519811066, -0.30913028556144256, 0.21612317942009185, 0.5591014133421598, -0.5603836530687165, 0.061508078976462155, 0.09018041139271321, 0.5232551333083276, -0.010462258094663517, 0.3370876188557896, -0.6118191610649691, -0.5249983669964574, 0.29673444976855834, -0.30803570806898134, -0.5940051063076378, -0.35248741250761173, -0.5836315119202066, -0.23445199125892885, 0.27256614173264476, 0.1981896533388654, -0.0122561400578783, -0.46595950637330247, -0.08927543568070374, -0.08977892083238392, -0.075002382616591, 0.21233644098278728, 0.11477347184398949, -0.2668931526651703, -0.48601020982957044, -0.028367225359667146, -0.01453190697514262, 0.2721929833468266, 0.04928231181105781, 0.1849033368987291, 0.18843254202881793, 0.19681251702622868, -0.2859585658105187, 0.16920366846304719, -0.38644995110746183, 0.11897473377817114, 0.211788119467495, -0.22745308016535618, 0.27779585575312316, -0.0602167898270369, 0.24470737037890922, -0.5953405943833963, 0.05035464844322269, -0.05738942486911393, -0.23520532267240862, -0.12198119221444896, 0.12158843463389685, 0.03891685250202503, -0.49162820121086587, 0.03973015296598031, 0.07229757948938313, 0.37896238589586395, 0.040978736845458094, 0.12802571296860024, -0.1261641112437947, -0.19758385786570906, -0.19352836407024232, -0.09570745202327943, -0.6211870459589277, -0.06466763006499392, -0.2226461586087589, -0.5725770679893336, 0.5005201827942921, 0.33337132556446075, 0.38527382829897927, -0.998050930129107, -0.05437067509135722, 0.06103675000296702, -0.18699816046335146, -0.2644345922024866, 0.06123481794584483, 0.37545346005395386, -0.9020415735409268, 0.09502955594628068, -0.06669873409793439, 0.643969424537434, 0.08262298708836845, 0.42787036228606506, -0.21739925839932714, -0.27892356171984045, 0.0694848232831505, -0.27621541437695424, -0.8760129938383454, -0.21439498265229942, -0.2435584786431003, 0.39560943329622467, -0.3212726019732309, -0.35454900991192684, -0.8447815288532846, 0.5127774669740047, -0.08242195350395079, -0.17543748336001838, -0.13483352193640516, 0.13845397948246482, 0.10944090537589536, -0.4108282532611526, 0.36084464895203844, -0.012618566387678963, 0.10273278146924848, -0.37106499961808803, -0.0036524099698416763, -0.49416365132378304, 0.3469262974537441, 0.4691454296531045, -0.02576237159600429, 0.04173949727635922, 0.25203882881108336, 0.2676700546916845, 0.4044898308418502, -0.5091855510213442, 0.1685301151252136, 0.10581613260967157, 0.23150977533173317, -0.6989472998019935, 0.035521294705688676, -0.005593596203554985, -0.06955825286485431, -0.2576340647740745, 0.19187791782886673, 0.23918349812060646, -0.8321368565079981, -0.13075208109580677, -0.016228002786333923, 0.46898034456128723, -0.11266047744679066, 0.32490598538998466, -0.2874759324046904, -0.20531473070704057, 0.0977084301369355, -0.2656853720670522, -0.6038679957861741, -0.13018045442945297, -0.3326340727860338, -0.3303842115002784, 0.4711121435576668, 0.33511859675950534, 0.4592809293587528, -0.3061774836301401, -0.20257327171545556, -0.03462091261100265, -0.05223090214695219, -0.1011894452525143, 0.18014471426571702, 0.06158678229129614, -0.3992409180344315, 0.009141473864397363, -0.01960893918525513, 0.6312012823287071, 0.01922169339732519, 0.32228344985144813, -0.29302300997960684, -0.12770407747480567, -0.11432394443467982, -0.19603540650166407, -0.5367344451335981, -0.13784278695275617, -0.15591448750460127, -0.3827543185464502, 0.6115652317185906, 0.3599989998036745, 0.4378324794546307, -0.43390200989558136, -0.17844280718490355, 0.017264525361386146, 0.1716030823137415, 0.006683555815624109, 0.25836738391362196, 0.1960052773114651, -0.6162418326891262, 0.2308297260450063, 0.058440812215774324, 0.5880802419456973, 0.19082834202280993, 0.277473429327061, -0.11374686426409587, -0.22345379701835097, -0.032970959297091075, -0.03615428403214165, -0.5922082969998504, -0.21690728460562678, -0.22902076662633256, -0.5940302008561963, 0.7984753477230695, 0.3313977167613575, 0.5975564531222125, -0.7348629407224531, -0.1780228990534157, 0.11388840031438502, -0.1097149084311141, -0.17450271617061097, 0.06839698924842928, 0.3746954686571475, -0.9727675477320766, 0.1245250667840518, 0.14542178902864566, 0.8638447687791635, -0.09236051034358597, 0.5513873280701214, -0.3595665933740484, -0.48576714560507694, -0.02297514215454084, -0.1796779925516415, -0.8830880325709146, -0.3862187737802155, -0.497905209140712, -0.6749197584388006, 0.6066615727031923, 0.6628095374378061, 0.7861561602479025, -0.8187448398305152, -0.20412987612431682, 0.19605458829276382, -0.06776255363123526, -0.31925831725661263, 0.0827875815790658, 0.49452428718964236, -0.6848907269642731, -0.07708855344800418, -0.017560990383982567, 0.7406052629124875, -0.14331866061346535, 0.41315860102230223, -0.7111973143762881, -0.6820038737130668, 0.2659113031032968, -0.3275737383953608, -0.7505939362586711, -0.40470100673280074, -0.6719278983923379, -0.11943054371654108, 0.3021092114876702, 0.06136895048407211, -0.12206034009429771, 0.2940349896322636, -0.28441387395238965, -0.1572537612643035, 0.3456171639438115, 0.27392458954832644, 0.14363003273544628, -0.5041096712699022, 0.14361311573190627, 0.19770850243414492, 0.16384593166476263, 0.11428668278352605, 0.141275012176825, -0.1146386351130032, 0.15868134628989472, 0.4043486210673371, -0.1697439586746856, 0.40089518408542035, 0.07611198604345877, 0.31849952729050013, 0.4039045305091008, 0.010876536930435348, 0.21320491125713087, 0.05317272157144919, 0.11025673145558434, 0.2058737641388934, -0.24715787608630313, -0.07789854226639589, 0.42079805243527746, 0.498954888135974, 0.28517616730040357, -0.47430511803210074, -0.07997544168120996, 0.19049316105897293, 0.31682974058751795, 0.22963966423319115, 0.2911636927285101, 0.17704089727409972, 0.22646729475297475, 0.47170360481315204, -0.1627003303841196, 0.4943404499517363, 0.10369671028029899, 0.23155530552869674, 0.3777222304291113, -0.41460567738061044, 0.4999360888664048, 0.48935311647523555, 0.44785132211044726, -0.1659875501683801, -0.07331040070528091, -0.0652421079037194, 0.2506076931487023, 0.10252800709567313, 0.1511675760630473, 0.0982709317509422, -0.39637777614743364, 0.16313810104274212, 0.21732679827421966, 0.3771064573744032, 0.1417657427254052, 0.4761221175899002, -0.27212430300838963, -0.2513052082078726, 0.010118386639612065, 0.010500450921380973, -0.3022672254970046, -0.209454725677141, -0.16776904685535818, 0.26384674273711756, -0.4519269631158628, -0.5015831278568301, -0.8065437830563739, 0.12378044487024521, -0.10582019258027002, -0.2274240701821584, -0.06634845793828763, 0.06172947559289313, 0.05099529650218264, -0.3307304941129846, 0.2900794432324976, -0.004967093096087544, -0.0714743943674499, -0.31475985890462793, -0.03800291243385158, -0.2220154664384015, 0.4934371917872138, 0.4607316810825273, -0.13418261236700427, -0.046351363607693354, 0.2662143979163114, 0.2624787881181671, 0.43936336269712434, 0.32750588607810655, -0.2812304729227233, -0.28572916611363924, -0.7312355084311652, 0.5539151519132354, -0.10552063131113483, -0.19870335403888645, 0.12763485230562477, 0.10393846676024965, 0.23091746529349608, -0.3498788197299211, 0.5542139498661207, 0.09200292222571718, 0.0842867565187304, -0.49877882074743257, 0.07086634140193937, -0.47525290499136374, 0.5106698629536016, 0.3836726958878597, 0.07465218293821738, 0.09822255066189622, 0.5873345948882793, 0.3878293905666216, 0.4577358242962135, 0.5398641783031076, -0.5573298490329099, -0.5441597827796458, -0.7725758318314794, 0.5613785668866383, -0.12414385287433669, -0.0760209783893829, -0.06598156459388807, 0.10458399055406707, 0.1387001754620371, -0.505309653577026, 0.34727955525144716, -0.030265923513911105, 0.06977784739518841, -0.6229260397741146, -0.017597979608543347, -0.45171740825136847, 0.32137720056228003, 0.3599870405466993, 0.0715591256916089, 0.09178468115643737, 0.43297927758185106, 0.34228361030043275, 0.36304427794933386]
parameter:2
dims:['1', '24']
name:intercepts
values:[-0.06374738138504962, 0.17009936144161364, 0.17174466035579283, -0.16275074690686467, 0.12324582829837037, -0.1301255866301976, 0.03100379050197597, -0.0539299906436923, -0.12494238945254411, 0.05384649879146289, -0.059279348152675895, -0.01728845581697457, 0.09913168819506316, 0.13099382165827822, 0.07664882313439125, -0.019150816066331525, 0.05854369531033286, -0.10326936132532386, 0.12002471995822599, -0.1758698993247815, -0.22103858287888417, 0.028103839189022737, -0.016937143203891926, 0.04443830742715658]
parameter:3
dims:['24', '4']
name:coefficient
values:[-0.6169271938686822, 0.6858088397558205, -0.5507460088408926, -0.6843476375918748, 0.7455402836912388, -0.9123228275594829, 0.0788692720517263, 0.08073269319662883, 0.783206095386711, -0.9834801698760088, 0.42612190715506837, -0.2896443642877039, -0.52222134093172, 0.0621082253104405, 0.8926881441976621, -2.289923642869985, -0.39506259933084176, 0.8413869460183409, -0.5253291351158559, -1.236093087780795, -0.3444269593130463, -0.12451505371396333, -0.05747655946047086, 0.12731081839254704, -0.2401943272168493, -0.12740825989448232, 0.14172323127112363, -0.2198970050166905, 0.15897467731876297, 0.0803722188566227, -0.501618499764088, -0.6359460049460014, 0.2131735617331437, 0.22383151682173763, -0.7042529014432348, -0.3331353521653348, -0.31363362459418226, -0.12569190990438117, -0.48210116413416865, -0.6221392469718827, -0.8056334783337872, -0.7470240137307539, 0.5185449656306994, -0.833164329053443, -0.7980685171416082, 0.5988595917133751, -0.30883432413780393, -1.2125340741596433, -0.05913585982645308, -0.305904725450526, -0.42046153604463626, -0.4291340956845078, -0.042879910270081076, 0.04479875383215982, -0.5310157058274797, -0.5499668624962835, 0.8932568349777922, -0.8258266024025515, 0.12176580360058338, 0.3036895206024703, -0.06575876505682346, -0.18234391068355296, -0.5172703040188943, -0.31299361968561834, 0.42337887963181403, -0.5925059937268146, 0.021211464241197533, 0.04594331356093998, 0.09346683765376641, -0.07527583092723789, -0.9798967237512378, 0.24569032145503214, 0.21107755653802662, 0.10637973924976417, -1.0208656828752942, 0.2999845411187483, -0.3293124425876142, 0.12818056096393757, 0.19855343359504266, -0.35348398093319966, 0.06436379555813648, 0.07996753993095346, -0.5400058951239838, -0.1705708454537452, -0.5445707396209993, 0.4304352017968402, -0.3094808313521179, -0.9795116906620499, -0.19352583335676093, 0.2066157800657234, -0.6979618609854024, 0.012784200408072328, 0.022026284532867257, 0.25183393662099224, -0.9169917028922452, 0.20163403086222445]
parameter:3
dims:['1', '4']
name:intercepts
values:[-0.20437786369543504, -0.17535832648355984, -0.27646666128889097, -0.5239774584415412]
